Sample_ID,source,predicted_class,predicted_class_name,prediction_confidence,anomaly_status,anomaly_score,safety_status,weather_status,storage_status,final_route,final_action,decision_status,override_applied,reason_codes,human_readable_reason
1,Laundry,0,Sewer Bypass,0.9924,NORMAL,0.071,CRITICAL,NEUTRAL,NORMAL,Sewer Bypass,SAFETY_OVERRIDE,OVERRIDDEN,True,WQ_HIGH_ECOLI|WQ_HIGH_COD|WQ_HIGH_TURBIDITY|WQ_SEPTIC_RISK|WQ_CRITICAL|ANOMALY_CLEAN|MODEL_HIGH_CONFIDENCE|ROUTE_SEWER|STORAGE_NORMAL|OVERRIDE_SAFETY_CRITICAL,"Critical water-quality or safety cutoff detected (CRITICAL). Although supervised model predicted Sewer Bypass (99.2% confidence), the safety layer overrode the decision and selected Sewer Bypass for hazard containment."
2,Bathroom,2,Restricted Irrigation,0.9908,NORMAL,0.0975,SAFE_FOR_MODEL_REVIEW,FAVORABLE,NORMAL,Restricted Irrigation,ALLOW_ROUTE,APPROVED,False,WQ_ACCEPTABLE|ANOMALY_CLEAN|MODEL_HIGH_CONFIDENCE|ROUTE_IRRIGATION|STORAGE_NORMAL|WEATHER_FAVORABLE,"Supervised model classified this Bathroom sample as Restricted Irrigation with 99.1% confidence. All independent safety, anomaly, meteorological, and storage checks were satisfied for operational dispatch."
3,Mixed,1,Bio-filtration,0.9991,NORMAL,0.0809,REVIEW_REQUIRED,NEUTRAL,NORMAL,Bio-filtration,PROCEED_WITH_TREATMENT,APPROVED,False,WQ_HIGH_TURBIDITY|ANOMALY_CLEAN|MODEL_HIGH_CONFIDENCE|ROUTE_BIOFILTRATION|STORAGE_NORMAL|WEATHER_FAVORABLE,"Supervised model classified this Mixed sample as Bio-filtration with 99.9% confidence. All independent safety, anomaly, meteorological, and storage checks were satisfied for operational dispatch."
4,Bathroom,2,Restricted Irrigation,0.9954,NORMAL,0.0881,SAFE_FOR_MODEL_REVIEW,FAVORABLE,NORMAL,Restricted Irrigation,ALLOW_ROUTE,APPROVED,False,WQ_ACCEPTABLE|ANOMALY_CLEAN|MODEL_HIGH_CONFIDENCE|ROUTE_IRRIGATION|STORAGE_NORMAL|WEATHER_FAVORABLE,"Supervised model classified this Bathroom sample as Restricted Irrigation with 99.5% confidence. All independent safety, anomaly, meteorological, and storage checks were satisfied for operational dispatch."
5,Bathroom,1,Bio-filtration,0.983,NORMAL,0.1121,SAFE_FOR_MODEL_REVIEW,NEUTRAL,NORMAL,Bio-filtration,PROCEED_WITH_TREATMENT,APPROVED,False,WQ_ACCEPTABLE|ANOMALY_CLEAN|MODEL_HIGH_CONFIDENCE|ROUTE_BIOFILTRATION|STORAGE_NORMAL|WEATHER_FAVORABLE,"Supervised model classified this Bathroom sample as Bio-filtration with 98.3% confidence. All independent safety, anomaly, meteorological, and storage checks were satisfied for operational dispatch."
6,Bathroom,2,Restricted Irrigation,0.9864,NORMAL,0.1251,SAFE_FOR_MODEL_REVIEW,FAVORABLE,NORMAL,Restricted Irrigation,ALLOW_ROUTE,APPROVED,False,WQ_ACCEPTABLE|ANOMALY_CLEAN|MODEL_HIGH_CONFIDENCE|ROUTE_IRRIGATION|STORAGE_NORMAL|WEATHER_FAVORABLE,"Supervised model classified this Bathroom sample as Restricted Irrigation with 98.6% confidence. All independent safety, anomaly, meteorological, and storage checks were satisfied for operational dispatch."
7,Bathroom,2,Restricted Irrigation,0.9897,NORMAL,0.1042,SAFE_FOR_MODEL_REVIEW,FAVORABLE,NORMAL,Restricted Irrigation,ALLOW_ROUTE,APPROVED,False,WQ_ACCEPTABLE|ANOMALY_CLEAN|MODEL_HIGH_CONFIDENCE|ROUTE_IRRIGATION|STORAGE_NORMAL|WEATHER_FAVORABLE,"Supervised model classified this Bathroom sample as Restricted Irrigation with 99.0% confidence. All independent safety, anomaly, meteorological, and storage checks were satisfied for operational dispatch."
8,Mixed,1,Bio-filtration,0.9964,NORMAL,0.0891,SAFE_FOR_MODEL_REVIEW,NEUTRAL,NORMAL,Bio-filtration,PROCEED_WITH_TREATMENT,APPROVED,False,WQ_ACCEPTABLE|ANOMALY_CLEAN|MODEL_HIGH_CONFIDENCE|ROUTE_BIOFILTRATION|STORAGE_NORMAL|WEATHER_FAVORABLE,"Supervised model classified this Mixed sample as Bio-filtration with 99.6% confidence. All independent safety, anomaly, meteorological, and storage checks were satisfied for operational dispatch."
9,Bathroom,2,Restricted Irrigation,0.9934,NORMAL,0.139,SAFE_FOR_MODEL_REVIEW,FAVORABLE,NORMAL,Restricted Irrigation,ALLOW_ROUTE,APPROVED,False,WQ_ACCEPTABLE|ANOMALY_CLEAN|MODEL_HIGH_CONFIDENCE|ROUTE_IRRIGATION|STORAGE_NORMAL|WEATHER_FAVORABLE,"Supervised model classified this Bathroom sample as Restricted Irrigation with 99.3% confidence. All independent safety, anomaly, meteorological, and storage checks were satisfied for operational dispatch."
10,Mixed,1,Bio-filtration,0.9987,NORMAL,0.0971,HIGH_RISK,NEUTRAL,NORMAL,Bio-filtration,PROCEED_WITH_TREATMENT,APPROVED,False,WQ_HIGH_ECOLI|ANOMALY_CLEAN|MODEL_HIGH_CONFIDENCE|ROUTE_BIOFILTRATION|STORAGE_NORMAL|WEATHER_FAVORABLE,"Supervised model classified this Mixed sample as Bio-filtration with 99.9% confidence. All independent safety, anomaly, meteorological, and storage checks were satisfied for operational dispatch."
11,Mixed,1,Bio-filtration,0.9988,NORMAL,0.0886,HIGH_RISK,NEUTRAL,NORMAL,Bio-filtration,PROCEED_WITH_TREATMENT,APPROVED,False,WQ_HIGH_ECOLI|ANOMALY_CLEAN|MODEL_HIGH_CONFIDENCE|ROUTE_BIOFILTRATION|STORAGE_NORMAL|WEATHER_FAVORABLE,"Supervised model classified this Mixed sample as Bio-filtration with 99.9% confidence. All independent safety, anomaly, meteorological, and storage checks were satisfied for operational dispatch."
12,Mixed,0,Sewer Bypass,0.9572,NORMAL,0.0919,CRITICAL,NEUTRAL,NORMAL,Sewer Bypass,SAFETY_OVERRIDE,OVERRIDDEN,True,WQ_HIGH_ECOLI|WQ_CRITICAL|ANOMALY_CLEAN|MODEL_HIGH_CONFIDENCE|ROUTE_SEWER|STORAGE_NORMAL|OVERRIDE_SAFETY_CRITICAL,"Critical water-quality or safety cutoff detected (CRITICAL). Although supervised model predicted Sewer Bypass (95.7% confidence), the safety layer overrode the decision and selected Sewer Bypass for hazard containment."
13,Bathroom,2,Restricted Irrigation,0.9872,NORMAL,0.083,SAFE_FOR_MODEL_REVIEW,FAVORABLE,NORMAL,Restricted Irrigation,ALLOW_ROUTE,APPROVED,False,WQ_ACCEPTABLE|ANOMALY_CLEAN|MODEL_HIGH_CONFIDENCE|ROUTE_IRRIGATION|STORAGE_NORMAL|WEATHER_FAVORABLE,"Supervised model classified this Bathroom sample as Restricted Irrigation with 98.7% confidence. All independent safety, anomaly, meteorological, and storage checks were satisfied for operational dispatch."
14,Laundry,0,Sewer Bypass,0.9981,NORMAL,0.0551,CRITICAL,NEUTRAL,NORMAL,Sewer Bypass,SAFETY_OVERRIDE,OVERRIDDEN,True,WQ_HIGH_COD|WQ_HIGH_TURBIDITY|WQ_SEPTIC_RISK|WQ_CRITICAL|ANOMALY_CLEAN|MODEL_HIGH_CONFIDENCE|ROUTE_SEWER|STORAGE_NORMAL|OVERRIDE_SAFETY_CRITICAL,"Critical water-quality or safety cutoff detected (CRITICAL). Although supervised model predicted Sewer Bypass (99.8% confidence), the safety layer overrode the decision and selected Sewer Bypass for hazard containment."
15,Laundry,0,Sewer Bypass,0.9999,NORMAL,0.0809,CRITICAL,NEUTRAL,NORMAL,Sewer Bypass,SAFETY_OVERRIDE,OVERRIDDEN,True,WQ_HIGH_COD|WQ_HIGH_BOD|WQ_HIGH_TURBIDITY|WQ_SEPTIC_RISK|WQ_CRITICAL|ANOMALY_CLEAN|MODEL_HIGH_CONFIDENCE|ROUTE_SEWER|STORAGE_NORMAL|OVERRIDE_SAFETY_CRITICAL,"Critical water-quality or safety cutoff detected (CRITICAL). Although supervised model predicted Sewer Bypass (100.0% confidence), the safety layer overrode the decision and selected Sewer Bypass for hazard containment."
16,Laundry,0,Sewer Bypass,0.998,NORMAL,0.0597,CRITICAL,NEUTRAL,NORMAL,Sewer Bypass,SAFETY_OVERRIDE,OVERRIDDEN,True,WQ_HIGH_ECOLI|WQ_HIGH_COD|WQ_HIGH_BOD|WQ_HIGH_TURBIDITY|WQ_CRITICAL|ANOMALY_CLEAN|MODEL_HIGH_CONFIDENCE|ROUTE_SEWER|STORAGE_NORMAL|OVERRIDE_SAFETY_CRITICAL,"Critical water-quality or safety cutoff detected (CRITICAL). Although supervised model predicted Sewer Bypass (99.8% confidence), the safety layer overrode the decision and selected Sewer Bypass for hazard containment."
17,Mixed,0,Sewer Bypass,0.9651,NORMAL,0.0819,CRITICAL,NEUTRAL,NORMAL,Sewer Bypass,SAFETY_OVERRIDE,OVERRIDDEN,True,WQ_HIGH_ECOLI|WQ_CRITICAL|ANOMALY_CLEAN|MODEL_HIGH_CONFIDENCE|ROUTE_SEWER|STORAGE_NORMAL|OVERRIDE_SAFETY_CRITICAL,"Critical water-quality or safety cutoff detected (CRITICAL). Although supervised model predicted Sewer Bypass (96.5% confidence), the safety layer overrode the decision and selected Sewer Bypass for hazard containment."
18,Bathroom,2,Restricted Irrigation,0.9586,NORMAL,0.1329,SAFE_FOR_MODEL_REVIEW,FAVORABLE,NORMAL,Restricted Irrigation,ALLOW_ROUTE,APPROVED,False,WQ_ACCEPTABLE|ANOMALY_CLEAN|MODEL_HIGH_CONFIDENCE|ROUTE_IRRIGATION|STORAGE_NORMAL|WEATHER_FAVORABLE,"Supervised model classified this Bathroom sample as Restricted Irrigation with 95.9% confidence. All independent safety, anomaly, meteorological, and storage checks were satisfied for operational dispatch."
19,Laundry,1,Bio-filtration,0.8955,NORMAL,0.0892,HIGH_RISK,NEUTRAL,NORMAL,Bio-filtration,PROCEED_WITH_TREATMENT,APPROVED,False,WQ_HIGH_ECOLI|WQ_HIGH_BOD|WQ_HIGH_TURBIDITY|ANOMALY_CLEAN|MODEL_HIGH_CONFIDENCE|ROUTE_BIOFILTRATION|STORAGE_NORMAL|WEATHER_FAVORABLE,"Supervised model classified this Laundry sample as Bio-filtration with 89.6% confidence. All independent safety, anomaly, meteorological, and storage checks were satisfied for operational dispatch."
20,Mixed,1,Bio-filtration,0.9982,NORMAL,0.1263,HIGH_RISK,NEUTRAL,NORMAL,Bio-filtration,PROCEED_WITH_TREATMENT,APPROVED,False,WQ_HIGH_ECOLI|WQ_HIGH_BOD|ANOMALY_CLEAN|MODEL_HIGH_CONFIDENCE|ROUTE_BIOFILTRATION|STORAGE_NORMAL|WEATHER_FAVORABLE,"Supervised model classified this Mixed sample as Bio-filtration with 99.8% confidence. All independent safety, anomaly, meteorological, and storage checks were satisfied for operational dispatch."
21,Mixed,1,Bio-filtration,0.9992,NORMAL,0.1257,SAFE_FOR_MODEL_REVIEW,NEUTRAL,NORMAL,Bio-filtration,PROCEED_WITH_TREATMENT,APPROVED,False,WQ_ACCEPTABLE|ANOMALY_CLEAN|MODEL_HIGH_CONFIDENCE|ROUTE_BIOFILTRATION|STORAGE_NORMAL|WEATHER_FAVORABLE,"Supervised model classified this Mixed sample as Bio-filtration with 99.9% confidence. All independent safety, anomaly, meteorological, and storage checks were satisfied for operational dispatch."
22,Laundry,0,Sewer Bypass,0.9893,NORMAL,0.0634,CRITICAL,NEUTRAL,NORMAL,Sewer Bypass,SAFETY_OVERRIDE,OVERRIDDEN,True,WQ_HIGH_ECOLI|WQ_HIGH_COD|WQ_HIGH_BOD|WQ_HIGH_TURBIDITY|WQ_SEPTIC_RISK|WQ_CRITICAL|ANOMALY_CLEAN|MODEL_HIGH_CONFIDENCE|ROUTE_SEWER|STORAGE_NORMAL|OVERRIDE_SAFETY_CRITICAL,"Critical water-quality or safety cutoff detected (CRITICAL). Although supervised model predicted Sewer Bypass (98.9% confidence), the safety layer overrode the decision and selected Sewer Bypass for hazard containment."
23,Mixed,1,Bio-filtration,0.9985,NORMAL,0.1297,HIGH_RISK,NEUTRAL,NORMAL,Bio-filtration,PROCEED_WITH_TREATMENT,APPROVED,False,WQ_HIGH_ECOLI|WQ_HIGH_BOD|ANOMALY_CLEAN|MODEL_HIGH_CONFIDENCE|ROUTE_BIOFILTRATION|STORAGE_NORMAL|WEATHER_FAVORABLE,"Supervised model classified this Mixed sample as Bio-filtration with 99.8% confidence. All independent safety, anomaly, meteorological, and storage checks were satisfied for operational dispatch."
24,Bathroom,1,Bio-filtration,0.9874,NORMAL,0.1223,SAFE_FOR_MODEL_REVIEW,NEUTRAL,NORMAL,Bio-filtration,PROCEED_WITH_TREATMENT,APPROVED,False,WQ_ACCEPTABLE|ANOMALY_CLEAN|MODEL_HIGH_CONFIDENCE|ROUTE_BIOFILTRATION|STORAGE_NORMAL|WEATHER_FAVORABLE,"Supervised model classified this Bathroom sample as Bio-filtration with 98.7% confidence. All independent safety, anomaly, meteorological, and storage checks were satisfied for operational dispatch."
25,Mixed,1,Bio-filtration,0.9989,NORMAL,0.096,HIGH_RISK,NEUTRAL,NORMAL,Bio-filtration,PROCEED_WITH_TREATMENT,APPROVED,False,WQ_HIGH_ECOLI|ANOMALY_CLEAN|MODEL_HIGH_CONFIDENCE|ROUTE_BIOFILTRATION|STORAGE_NORMAL|WEATHER_FAVORABLE,"Supervised model classified this Mixed sample as Bio-filtration with 99.9% confidence. All independent safety, anomaly, meteorological, and storage checks were satisfied for operational dispatch."
26,Mixed,1,Bio-filtration,0.9983,NORMAL,0.1012,REVIEW_REQUIRED,NEUTRAL,NORMAL,Bio-filtration,PROCEED_WITH_TREATMENT,APPROVED,False,WQ_HIGH_TURBIDITY|ANOMALY_CLEAN|MODEL_HIGH_CONFIDENCE|ROUTE_BIOFILTRATION|STORAGE_NORMAL|WEATHER_FAVORABLE,"Supervised model classified this Mixed sample as Bio-filtration with 99.8% confidence. All independent safety, anomaly, meteorological, and storage checks were satisfied for operational dispatch."
27,Bathroom,2,Restricted Irrigation,0.9846,NORMAL,0.0995,SAFE_FOR_MODEL_REVIEW,FAVORABLE,NORMAL,Restricted Irrigation,ALLOW_ROUTE,APPROVED,False,WQ_ACCEPTABLE|ANOMALY_CLEAN|MODEL_HIGH_CONFIDENCE|ROUTE_IRRIGATION|STORAGE_NORMAL|WEATHER_FAVORABLE,"Supervised model classified this Bathroom sample as Restricted Irrigation with 98.5% confidence. All independent safety, anomaly, meteorological, and storage checks were satisfied for operational dispatch."
28,Laundry,1,Bio-filtration,0.9818,NORMAL,0.0631,REVIEW_REQUIRED,NEUTRAL,NORMAL,Bio-filtration,PROCEED_WITH_TREATMENT,APPROVED,False,WQ_HIGH_TURBIDITY|ANOMALY_CLEAN|MODEL_HIGH_CONFIDENCE|ROUTE_BIOFILTRATION|STORAGE_NORMAL|WEATHER_FAVORABLE,"Supervised model classified this Laundry sample as Bio-filtration with 98.2% confidence. All independent safety, anomaly, meteorological, and storage checks were satisfied for operational dispatch."
29,Bathroom,2,Restricted Irrigation,0.9646,NORMAL,0.1346,SAFE_FOR_MODEL_REVIEW,FAVORABLE,NORMAL,Restricted Irrigation,ALLOW_ROUTE,APPROVED,False,WQ_ACCEPTABLE|ANOMALY_CLEAN|MODEL_HIGH_CONFIDENCE|ROUTE_IRRIGATION|STORAGE_NORMAL|WEATHER_FAVORABLE,"Supervised model classified this Bathroom sample as Restricted Irrigation with 96.5% confidence. All independent safety, anomaly, meteorological, and storage checks were satisfied for operational dispatch."
30,Bathroom,1,Bio-filtration,0.9765,NORMAL,0.1155,SAFE_FOR_MODEL_REVIEW,NEUTRAL,NORMAL,Bio-filtration,PROCEED_WITH_TREATMENT,APPROVED,False,WQ_ACCEPTABLE|ANOMALY_CLEAN|MODEL_HIGH_CONFIDENCE|ROUTE_BIOFILTRATION|STORAGE_NORMAL|WEATHER_FAVORABLE,"Supervised model classified this Bathroom sample as Bio-filtration with 97.7% confidence. All independent safety, anomaly, meteorological, and storage checks were satisfied for operational dispatch."
31,Kitchen,1,Bio-filtration,0.9503,NORMAL,0.0824,HIGH_RISK,NEUTRAL,NORMAL,Bio-filtration,PROCEED_WITH_TREATMENT,APPROVED,False,WQ_HIGH_ECOLI|WQ_HIGH_COD|WQ_HIGH_BOD|ANOMALY_CLEAN|MODEL_HIGH_CONFIDENCE|ROUTE_BIOFILTRATION|STORAGE_NORMAL|WEATHER_FAVORABLE,"Supervised model classified this Kitchen sample as Bio-filtration with 95.0% confidence. All independent safety, anomaly, meteorological, and storage checks were satisfied for operational dispatch."
32,Mixed,1,Bio-filtration,0.9992,NORMAL,0.0974,HIGH_RISK,NEUTRAL,NORMAL,Bio-filtration,PROCEED_WITH_TREATMENT,APPROVED,False,WQ_HIGH_ECOLI|ANOMALY_CLEAN|MODEL_HIGH_CONFIDENCE|ROUTE_BIOFILTRATION|STORAGE_NORMAL|WEATHER_FAVORABLE,"Supervised model classified this Mixed sample as Bio-filtration with 99.9% confidence. All independent safety, anomaly, meteorological, and storage checks were satisfied for operational dispatch."
33,Laundry,0,Sewer Bypass,0.9945,NORMAL,0.1036,CRITICAL,NEUTRAL,NORMAL,Sewer Bypass,SAFETY_OVERRIDE,OVERRIDDEN,True,WQ_HIGH_COD|WQ_HIGH_BOD|WQ_SEPTIC_RISK|WQ_CRITICAL|ANOMALY_CLEAN|MODEL_HIGH_CONFIDENCE|ROUTE_SEWER|STORAGE_NORMAL|OVERRIDE_SAFETY_CRITICAL,"Critical water-quality or safety cutoff detected (CRITICAL). Although supervised model predicted Sewer Bypass (99.4% confidence), the safety layer overrode the decision and selected Sewer Bypass for hazard containment."
34,Bathroom,2,Restricted Irrigation,0.9889,NORMAL,0.112,SAFE_FOR_MODEL_REVIEW,FAVORABLE,NORMAL,Restricted Irrigation,ALLOW_ROUTE,APPROVED,False,WQ_ACCEPTABLE|ANOMALY_CLEAN|MODEL_HIGH_CONFIDENCE|ROUTE_IRRIGATION|STORAGE_NORMAL|WEATHER_FAVORABLE,"Supervised model classified this Bathroom sample as Restricted Irrigation with 98.9% confidence. All independent safety, anomaly, meteorological, and storage checks were satisfied for operational dispatch."
35,Bathroom,2,Restricted Irrigation,0.9917,NORMAL,0.1172,SAFE_FOR_MODEL_REVIEW,FAVORABLE,NORMAL,Restricted Irrigation,ALLOW_ROUTE,APPROVED,False,WQ_ACCEPTABLE|ANOMALY_CLEAN|MODEL_HIGH_CONFIDENCE|ROUTE_IRRIGATION|STORAGE_NORMAL|WEATHER_FAVORABLE,"Supervised model classified this Bathroom sample as Restricted Irrigation with 99.2% confidence. All independent safety, anomaly, meteorological, and storage checks were satisfied for operational dispatch."
36,Mixed,1,Bio-filtration,0.9987,NORMAL,0.1397,HIGH_RISK,NEUTRAL,NORMAL,Bio-filtration,PROCEED_WITH_TREATMENT,APPROVED,False,WQ_HIGH_ECOLI|ANOMALY_CLEAN|MODEL_HIGH_CONFIDENCE|ROUTE_BIOFILTRATION|STORAGE_NORMAL|WEATHER_FAVORABLE,"Supervised model classified this Mixed sample as Bio-filtration with 99.9% confidence. All independent safety, anomaly, meteorological, and storage checks were satisfied for operational dispatch."
37,Bathroom,2,Restricted Irrigation,0.9844,NORMAL,0.1434,SAFE_FOR_MODEL_REVIEW,FAVORABLE,NORMAL,Restricted Irrigation,ALLOW_ROUTE,APPROVED,False,WQ_ACCEPTABLE|ANOMALY_CLEAN|MODEL_HIGH_CONFIDENCE|ROUTE_IRRIGATION|STORAGE_NORMAL|WEATHER_FAVORABLE,"Supervised model classified this Bathroom sample as Restricted Irrigation with 98.4% confidence. All independent safety, anomaly, meteorological, and storage checks were satisfied for operational dispatch."
38,Bathroom,1,Bio-filtration,0.9656,NORMAL,0.1206,SAFE_FOR_MODEL_REVIEW,NEUTRAL,NORMAL,Bio-filtration,PROCEED_WITH_TREATMENT,APPROVED,False,WQ_ACCEPTABLE|ANOMALY_CLEAN|MODEL_HIGH_CONFIDENCE|ROUTE_BIOFILTRATION|STORAGE_NORMAL|WEATHER_FAVORABLE,"Supervised model classified this Bathroom sample as Bio-filtration with 96.6% confidence. All independent safety, anomaly, meteorological, and storage checks were satisfied for operational dispatch."
39,Laundry,1,Bio-filtration,0.9425,NORMAL,0.1074,HIGH_RISK,NEUTRAL,NORMAL,Bio-filtration,PROCEED_WITH_TREATMENT,APPROVED,False,WQ_HIGH_COD|WQ_HIGH_BOD|ANOMALY_CLEAN|MODEL_HIGH_CONFIDENCE|ROUTE_BIOFILTRATION|STORAGE_NORMAL|WEATHER_FAVORABLE,"Supervised model classified this Laundry sample as Bio-filtration with 94.3% confidence. All independent safety, anomaly, meteorological, and storage checks were satisfied for operational dispatch."
40,Bathroom,1,Bio-filtration,0.9941,NORMAL,0.1197,SAFE_FOR_MODEL_REVIEW,NEUTRAL,NORMAL,Bio-filtration,PROCEED_WITH_TREATMENT,APPROVED,False,WQ_ACCEPTABLE|ANOMALY_CLEAN|MODEL_HIGH_CONFIDENCE|ROUTE_BIOFILTRATION|STORAGE_NORMAL|WEATHER_FAVORABLE,"Supervised model classified this Bathroom sample as Bio-filtration with 99.4% confidence. All independent safety, anomaly, meteorological, and storage checks were satisfied for operational dispatch."
41,Mixed,1,Bio-filtration,0.999,NORMAL,0.105,SAFE_FOR_MODEL_REVIEW,NEUTRAL,NORMAL,Bio-filtration,PROCEED_WITH_TREATMENT,APPROVED,False,WQ_ACCEPTABLE|ANOMALY_CLEAN|MODEL_HIGH_CONFIDENCE|ROUTE_BIOFILTRATION|STORAGE_NORMAL|WEATHER_FAVORABLE,"Supervised model classified this Mixed sample as Bio-filtration with 99.9% confidence. All independent safety, anomaly, meteorological, and storage checks were satisfied for operational dispatch."
42,Bathroom,2,Restricted Irrigation,0.9716,NORMAL,0.1151,SAFE_FOR_MODEL_REVIEW,FAVORABLE,NORMAL,Restricted Irrigation,ALLOW_ROUTE,APPROVED,False,WQ_ACCEPTABLE|ANOMALY_CLEAN|MODEL_HIGH_CONFIDENCE|ROUTE_IRRIGATION|STORAGE_NORMAL|WEATHER_FAVORABLE,"Supervised model classified this Bathroom sample as Restricted Irrigation with 97.2% confidence. All independent safety, anomaly, meteorological, and storage checks were satisfied for operational dispatch."
43,Mixed,1,Bio-filtration,0.9985,NORMAL,0.1088,REVIEW_REQUIRED,NEUTRAL,NORMAL,Bio-filtration,PROCEED_WITH_TREATMENT,APPROVED,False,WQ_HIGH_TURBIDITY|ANOMALY_CLEAN|MODEL_HIGH_CONFIDENCE|ROUTE_BIOFILTRATION|STORAGE_NORMAL|WEATHER_FAVORABLE,"Supervised model classified this Mixed sample as Bio-filtration with 99.8% confidence. All independent safety, anomaly, meteorological, and storage checks were satisfied for operational dispatch."
44,Bathroom,2,Restricted Irrigation,0.9406,NORMAL,0.1251,SAFE_FOR_MODEL_REVIEW,FAVORABLE,NORMAL,Restricted Irrigation,ALLOW_ROUTE,APPROVED,False,WQ_ACCEPTABLE|ANOMALY_CLEAN|MODEL_HIGH_CONFIDENCE|ROUTE_IRRIGATION|STORAGE_NORMAL|WEATHER_FAVORABLE,"Supervised model classified this Bathroom sample as Restricted Irrigation with 94.1% confidence. All independent safety, anomaly, meteorological, and storage checks were satisfied for operational dispatch."
45,Mixed,1,Bio-filtration,0.9995,NORMAL,0.1189,HIGH_RISK,NEUTRAL,NORMAL,Bio-filtration,PROCEED_WITH_TREATMENT,APPROVED,False,WQ_HIGH_ECOLI|ANOMALY_CLEAN|MODEL_HIGH_CONFIDENCE|ROUTE_BIOFILTRATION|STORAGE_NORMAL|WEATHER_FAVORABLE,"Supervised model classified this Mixed sample as Bio-filtration with 100.0% confidence. All independent safety, anomaly, meteorological, and storage checks were satisfied for operational dispatch."
46,Mixed,1,Bio-filtration,0.9945,NORMAL,0.0908,HIGH_RISK,NEUTRAL,NORMAL,Bio-filtration,PROCEED_WITH_TREATMENT,APPROVED,False,WQ_HIGH_ECOLI|ANOMALY_CLEAN|MODEL_HIGH_CONFIDENCE|ROUTE_BIOFILTRATION|STORAGE_NORMAL|WEATHER_FAVORABLE,"Supervised model classified this Mixed sample as Bio-filtration with 99.4% confidence. All independent safety, anomaly, meteorological, and storage checks were satisfied for operational dispatch."
47,Laundry,1,Bio-filtration,0.9967,NORMAL,0.1016,HIGH_RISK,NEUTRAL,NORMAL,Bio-filtration,PROCEED_WITH_TREATMENT,APPROVED,False,WQ_HIGH_ECOLI|WQ_HIGH_COD|WQ_HIGH_BOD|ANOMALY_CLEAN|MODEL_HIGH_CONFIDENCE|ROUTE_BIOFILTRATION|STORAGE_NORMAL|WEATHER_FAVORABLE,"Supervised model classified this Laundry sample as Bio-filtration with 99.7% confidence. All independent safety, anomaly, meteorological, and storage checks were satisfied for operational dispatch."
48,Kitchen,0,Sewer Bypass,0.9994,NORMAL,0.0331,CRITICAL,NEUTRAL,NORMAL,Sewer Bypass,SAFETY_OVERRIDE,OVERRIDDEN,True,WQ_HIGH_ECOLI|WQ_HIGH_COD|WQ_HIGH_TURBIDITY|WQ_HIGH_TDS|WQ_SEPTIC_RISK|WQ_CRITICAL|ANOMALY_CLEAN|MODEL_HIGH_CONFIDENCE|ROUTE_SEWER|STORAGE_NORMAL|OVERRIDE_SAFETY_CRITICAL,"Critical water-quality or safety cutoff detected (CRITICAL). Although supervised model predicted Sewer Bypass (99.9% confidence), the safety layer overrode the decision and selected Sewer Bypass for hazard containment."
49,Mixed,1,Bio-filtration,0.9994,NORMAL,0.1167,REVIEW_REQUIRED,NEUTRAL,NORMAL,Bio-filtration,PROCEED_WITH_TREATMENT,APPROVED,False,WQ_HIGH_TURBIDITY|ANOMALY_CLEAN|MODEL_HIGH_CONFIDENCE|ROUTE_BIOFILTRATION|STORAGE_NORMAL|WEATHER_FAVORABLE,"Supervised model classified this Mixed sample as Bio-filtration with 99.9% confidence. All independent safety, anomaly, meteorological, and storage checks were satisfied for operational dispatch."
50,Mixed,1,Bio-filtration,0.9985,NORMAL,0.1022,REVIEW_REQUIRED,NEUTRAL,NORMAL,Bio-filtration,PROCEED_WITH_TREATMENT,APPROVED,False,WQ_HIGH_TURBIDITY|ANOMALY_CLEAN|MODEL_HIGH_CONFIDENCE|ROUTE_BIOFILTRATION|STORAGE_NORMAL|WEATHER_FAVORABLE,"Supervised model classified this Mixed sample as Bio-filtration with 99.9% confidence. All independent safety, anomaly, meteorological, and storage checks were satisfied for operational dispatch."
51,Bathroom,2,Restricted Irrigation,0.9939,NORMAL,0.1245,SAFE_FOR_MODEL_REVIEW,FAVORABLE,NORMAL,Restricted Irrigation,ALLOW_ROUTE,APPROVED,False,WQ_ACCEPTABLE|ANOMALY_CLEAN|MODEL_HIGH_CONFIDENCE|ROUTE_IRRIGATION|STORAGE_NORMAL|WEATHER_FAVORABLE,"Supervised model classified this Bathroom sample as Restricted Irrigation with 99.4% confidence. All independent safety, anomaly, meteorological, and storage checks were satisfied for operational dispatch."
52,Laundry,1,Bio-filtration,0.9318,NORMAL,0.0827,HIGH_RISK,NEUTRAL,NORMAL,Bio-filtration,PROCEED_WITH_TREATMENT,APPROVED,False,WQ_HIGH_ECOLI|WQ_HIGH_COD|WQ_HIGH_TURBIDITY|ANOMALY_CLEAN|MODEL_HIGH_CONFIDENCE|ROUTE_BIOFILTRATION|STORAGE_NORMAL|WEATHER_FAVORABLE,"Supervised model classified this Laundry sample as Bio-filtration with 93.2% confidence. All independent safety, anomaly, meteorological, and storage checks were satisfied for operational dispatch."
53,Laundry,1,Bio-filtration,0.9961,NORMAL,0.1104,HIGH_RISK,NEUTRAL,NORMAL,Bio-filtration,PROCEED_WITH_TREATMENT,APPROVED,False,WQ_HIGH_BOD|ANOMALY_CLEAN|MODEL_HIGH_CONFIDENCE|ROUTE_BIOFILTRATION|STORAGE_NORMAL|WEATHER_FAVORABLE,"Supervised model classified this Laundry sample as Bio-filtration with 99.6% confidence. All independent safety, anomaly, meteorological, and storage checks were satisfied for operational dispatch."
54,Laundry,1,Bio-filtration,0.9819,NORMAL,0.1077,SAFE_FOR_MODEL_REVIEW,NEUTRAL,NORMAL,Bio-filtration,PROCEED_WITH_TREATMENT,APPROVED,False,WQ_ACCEPTABLE|ANOMALY_CLEAN|MODEL_HIGH_CONFIDENCE|ROUTE_BIOFILTRATION|STORAGE_NORMAL|WEATHER_FAVORABLE,"Supervised model classified this Laundry sample as Bio-filtration with 98.2% confidence. All independent safety, anomaly, meteorological, and storage checks were satisfied for operational dispatch."
55,Mixed,1,Bio-filtration,0.999,NORMAL,0.118,SAFE_FOR_MODEL_REVIEW,NEUTRAL,NORMAL,Bio-filtration,PROCEED_WITH_TREATMENT,APPROVED,False,WQ_ACCEPTABLE|ANOMALY_CLEAN|MODEL_HIGH_CONFIDENCE|ROUTE_BIOFILTRATION|STORAGE_NORMAL|WEATHER_FAVORABLE,"Supervised model classified this Mixed sample as Bio-filtration with 99.9% confidence. All independent safety, anomaly, meteorological, and storage checks were satisfied for operational dispatch."
56,Kitchen,0,Sewer Bypass,1.0,NORMAL,0.0135,CRITICAL,NEUTRAL,NORMAL,Sewer Bypass,SAFETY_OVERRIDE,OVERRIDDEN,True,WQ_HIGH_COD|WQ_HIGH_BOD|WQ_HIGH_TURBIDITY|WQ_HIGH_SALINITY|WQ_SEPTIC_RISK|WQ_CRITICAL|ANOMALY_CLEAN|MODEL_HIGH_CONFIDENCE|ROUTE_SEWER|STORAGE_NORMAL|OVERRIDE_SAFETY_CRITICAL,"Critical water-quality or safety cutoff detected (CRITICAL). Although supervised model predicted Sewer Bypass (100.0% confidence), the safety layer overrode the decision and selected Sewer Bypass for hazard containment."
57,Kitchen,0,Sewer Bypass,1.0,NORMAL,0.0027,CRITICAL,NEUTRAL,NORMAL,Sewer Bypass,SAFETY_OVERRIDE,OVERRIDDEN,True,WQ_HIGH_ECOLI|WQ_HIGH_COD|WQ_HIGH_BOD|WQ_HIGH_TURBIDITY|WQ_HIGH_TSS|WQ_SEPTIC_RISK|WQ_CRITICAL|ANOMALY_CLEAN|MODEL_HIGH_CONFIDENCE|ROUTE_SEWER|STORAGE_NORMAL|OVERRIDE_SAFETY_CRITICAL,"Critical water-quality or safety cutoff detected (CRITICAL). Although supervised model predicted Sewer Bypass (100.0% confidence), the safety layer overrode the decision and selected Sewer Bypass for hazard containment."
58,Mixed,1,Bio-filtration,0.9932,NORMAL,0.0834,HIGH_RISK,NEUTRAL,NORMAL,Bio-filtration,PROCEED_WITH_TREATMENT,APPROVED,False,WQ_HIGH_ECOLI|WQ_HIGH_COD|ANOMALY_CLEAN|MODEL_HIGH_CONFIDENCE|ROUTE_BIOFILTRATION|STORAGE_NORMAL|WEATHER_FAVORABLE,"Supervised model classified this Mixed sample as Bio-filtration with 99.3% confidence. All independent safety, anomaly, meteorological, and storage checks were satisfied for operational dispatch."
59,Bathroom,2,Restricted Irrigation,0.9905,NORMAL,0.1032,SAFE_FOR_MODEL_REVIEW,FAVORABLE,NORMAL,Restricted Irrigation,ALLOW_ROUTE,APPROVED,False,WQ_ACCEPTABLE|ANOMALY_CLEAN|MODEL_HIGH_CONFIDENCE|ROUTE_IRRIGATION|STORAGE_NORMAL|WEATHER_FAVORABLE,"Supervised model classified this Bathroom sample as Restricted Irrigation with 99.1% confidence. All independent safety, anomaly, meteorological, and storage checks were satisfied for operational dispatch."
60,Bathroom,2,Restricted Irrigation,0.9852,NORMAL,0.1158,SAFE_FOR_MODEL_REVIEW,FAVORABLE,NORMAL,Restricted Irrigation,ALLOW_ROUTE,APPROVED,False,WQ_ACCEPTABLE|ANOMALY_CLEAN|MODEL_HIGH_CONFIDENCE|ROUTE_IRRIGATION|STORAGE_NORMAL|WEATHER_FAVORABLE,"Supervised model classified this Bathroom sample as Restricted Irrigation with 98.5% confidence. All independent safety, anomaly, meteorological, and storage checks were satisfied for operational dispatch."
61,Mixed,0,Sewer Bypass,0.9347,NORMAL,0.0784,CRITICAL,NEUTRAL,NORMAL,Sewer Bypass,SAFETY_OVERRIDE,OVERRIDDEN,True,WQ_HIGH_TURBIDITY|WQ_HIGH_TSS|WQ_CRITICAL|ANOMALY_CLEAN|MODEL_HIGH_CONFIDENCE|ROUTE_SEWER|STORAGE_NORMAL|OVERRIDE_SAFETY_CRITICAL,"Critical water-quality or safety cutoff detected (CRITICAL). Although supervised model predicted Sewer Bypass (93.5% confidence), the safety layer overrode the decision and selected Sewer Bypass for hazard containment."
62,Bathroom,1,Bio-filtration,0.9627,NORMAL,0.1382,HIGH_RISK,NEUTRAL,NORMAL,Bio-filtration,PROCEED_WITH_TREATMENT,APPROVED,False,WQ_HIGH_ECOLI|ANOMALY_CLEAN|MODEL_HIGH_CONFIDENCE|ROUTE_BIOFILTRATION|STORAGE_NORMAL|WEATHER_FAVORABLE,"Supervised model classified this Bathroom sample as Bio-filtration with 96.3% confidence. All independent safety, anomaly, meteorological, and storage checks were satisfied for operational dispatch."
63,Kitchen,0,Sewer Bypass,0.9993,NORMAL,0.0375,CRITICAL,NEUTRAL,NORMAL,Sewer Bypass,SAFETY_OVERRIDE,OVERRIDDEN,True,WQ_HIGH_COD|WQ_HIGH_BOD|WQ_HIGH_TURBIDITY|WQ_HIGH_TSS|WQ_CRITICAL|ANOMALY_CLEAN|MODEL_HIGH_CONFIDENCE|ROUTE_SEWER|STORAGE_NORMAL|OVERRIDE_SAFETY_CRITICAL,"Critical water-quality or safety cutoff detected (CRITICAL). Although supervised model predicted Sewer Bypass (99.9% confidence), the safety layer overrode the decision and selected Sewer Bypass for hazard containment."
64,Laundry,0,Sewer Bypass,0.9993,NORMAL,0.0582,CRITICAL,NEUTRAL,NORMAL,Sewer Bypass,SAFETY_OVERRIDE,OVERRIDDEN,True,WQ_HIGH_ECOLI|WQ_HIGH_COD|WQ_HIGH_BOD|WQ_HIGH_TURBIDITY|WQ_HIGH_TSS|WQ_CRITICAL|ANOMALY_CLEAN|MODEL_HIGH_CONFIDENCE|ROUTE_SEWER|STORAGE_NORMAL|OVERRIDE_SAFETY_CRITICAL,"Critical water-quality or safety cutoff detected (CRITICAL). Although supervised model predicted Sewer Bypass (99.9% confidence), the safety layer overrode the decision and selected Sewer Bypass for hazard containment."
65,Bathroom,1,Bio-filtration,0.9719,NORMAL,0.13,HIGH_RISK,NEUTRAL,NORMAL,Bio-filtration,PROCEED_WITH_TREATMENT,APPROVED,False,WQ_HIGH_ECOLI|ANOMALY_CLEAN|MODEL_HIGH_CONFIDENCE|ROUTE_BIOFILTRATION|STORAGE_NORMAL|WEATHER_FAVORABLE,"Supervised model classified this Bathroom sample as Bio-filtration with 97.2% confidence. All independent safety, anomaly, meteorological, and storage checks were satisfied for operational dispatch."
66,Laundry,0,Sewer Bypass,0.9927,NORMAL,0.0588,CRITICAL,NEUTRAL,NORMAL,Sewer Bypass,SAFETY_OVERRIDE,OVERRIDDEN,True,WQ_HIGH_ECOLI|WQ_EXTREME_PH|WQ_HIGH_COD|WQ_HIGH_BOD|WQ_SEPTIC_RISK|WQ_CRITICAL|ANOMALY_CLEAN|MODEL_HIGH_CONFIDENCE|ROUTE_SEWER|STORAGE_NORMAL|OVERRIDE_SAFETY_CRITICAL,"Critical water-quality or safety cutoff detected (CRITICAL). Although supervised model predicted Sewer Bypass (99.3% confidence), the safety layer overrode the decision and selected Sewer Bypass for hazard containment."
67,Mixed,1,Bio-filtration,0.9187,NORMAL,0.1136,SAFE_FOR_MODEL_REVIEW,NEUTRAL,NORMAL,Bio-filtration,PROCEED_WITH_TREATMENT,APPROVED,False,WQ_ACCEPTABLE|ANOMALY_CLEAN|MODEL_HIGH_CONFIDENCE|ROUTE_BIOFILTRATION|STORAGE_NORMAL|WEATHER_FAVORABLE,"Supervised model classified this Mixed sample as Bio-filtration with 91.9% confidence. All independent safety, anomaly, meteorological, and storage checks were satisfied for operational dispatch."
68,Kitchen,0,Sewer Bypass,0.9999,NORMAL,0.0542,CRITICAL,NEUTRAL,NORMAL,Sewer Bypass,SAFETY_OVERRIDE,OVERRIDDEN,True,WQ_HIGH_ECOLI|WQ_HIGH_COD|WQ_HIGH_BOD|WQ_SEPTIC_RISK|WQ_CRITICAL|ANOMALY_CLEAN|MODEL_HIGH_CONFIDENCE|ROUTE_SEWER|STORAGE_NORMAL|OVERRIDE_SAFETY_CRITICAL,"Critical water-quality or safety cutoff detected (CRITICAL). Although supervised model predicted Sewer Bypass (100.0% confidence), the safety layer overrode the decision and selected Sewer Bypass for hazard containment."
69,Laundry,0,Sewer Bypass,0.8549,NORMAL,0.0743,CRITICAL,NEUTRAL,NORMAL,Sewer Bypass,SAFETY_OVERRIDE,OVERRIDDEN,True,WQ_HIGH_ECOLI|WQ_HIGH_COD|WQ_HIGH_BOD|WQ_HIGH_TURBIDITY|WQ_CRITICAL|ANOMALY_CLEAN|MODEL_HIGH_CONFIDENCE|ROUTE_SEWER|STORAGE_NORMAL|OVERRIDE_SAFETY_CRITICAL,"Critical water-quality or safety cutoff detected (CRITICAL). Although supervised model predicted Sewer Bypass (85.5% confidence), the safety layer overrode the decision and selected Sewer Bypass for hazard containment."
70,Laundry,1,Bio-filtration,0.9989,NORMAL,0.1373,HIGH_RISK,NEUTRAL,NORMAL,Bio-filtration,PROCEED_WITH_TREATMENT,APPROVED,False,WQ_HIGH_BOD|ANOMALY_CLEAN|MODEL_HIGH_CONFIDENCE|ROUTE_BIOFILTRATION|STORAGE_NORMAL|WEATHER_FAVORABLE,"Supervised model classified this Laundry sample as Bio-filtration with 99.9% confidence. All independent safety, anomaly, meteorological, and storage checks were satisfied for operational dispatch."
71,Mixed,1,Bio-filtration,0.9994,NORMAL,0.1273,HIGH_RISK,NEUTRAL,NORMAL,Bio-filtration,PROCEED_WITH_TREATMENT,APPROVED,False,WQ_HIGH_ECOLI|ANOMALY_CLEAN|MODEL_HIGH_CONFIDENCE|ROUTE_BIOFILTRATION|STORAGE_NORMAL|WEATHER_FAVORABLE,"Supervised model classified this Mixed sample as Bio-filtration with 99.9% confidence. All independent safety, anomaly, meteorological, and storage checks were satisfied for operational dispatch."
72,Laundry,1,Bio-filtration,0.9977,NORMAL,0.1019,HIGH_RISK,NEUTRAL,NORMAL,Bio-filtration,PROCEED_WITH_TREATMENT,APPROVED,False,WQ_HIGH_BOD|ANOMALY_CLEAN|MODEL_HIGH_CONFIDENCE|ROUTE_BIOFILTRATION|STORAGE_NORMAL|WEATHER_FAVORABLE,"Supervised model classified this Laundry sample as Bio-filtration with 99.8% confidence. All independent safety, anomaly, meteorological, and storage checks were satisfied for operational dispatch."
73,Laundry,0,Sewer Bypass,0.949,NORMAL,0.0637,CRITICAL,NEUTRAL,NORMAL,Sewer Bypass,SAFETY_OVERRIDE,OVERRIDDEN,True,WQ_HIGH_COD|WQ_HIGH_TURBIDITY|WQ_CRITICAL|ANOMALY_CLEAN|MODEL_HIGH_CONFIDENCE|ROUTE_SEWER|STORAGE_NORMAL|OVERRIDE_SAFETY_CRITICAL,"Critical water-quality or safety cutoff detected (CRITICAL). Although supervised model predicted Sewer Bypass (94.9% confidence), the safety layer overrode the decision and selected Sewer Bypass for hazard containment."
74,Mixed,1,Bio-filtration,0.9864,NORMAL,0.0981,HIGH_RISK,NEUTRAL,NORMAL,Bio-filtration,PROCEED_WITH_TREATMENT,APPROVED,False,WQ_HIGH_ECOLI|WQ_HIGH_COD|ANOMALY_CLEAN|MODEL_HIGH_CONFIDENCE|ROUTE_BIOFILTRATION|STORAGE_NORMAL|WEATHER_FAVORABLE,"Supervised model classified this Mixed sample as Bio-filtration with 98.6% confidence. All independent safety, anomaly, meteorological, and storage checks were satisfied for operational dispatch."
75,Bathroom,2,Restricted Irrigation,0.9928,NORMAL,0.1136,SAFE_FOR_MODEL_REVIEW,FAVORABLE,NORMAL,Restricted Irrigation,ALLOW_ROUTE,APPROVED,False,WQ_ACCEPTABLE|ANOMALY_CLEAN|MODEL_HIGH_CONFIDENCE|ROUTE_IRRIGATION|STORAGE_NORMAL|WEATHER_FAVORABLE,"Supervised model classified this Bathroom sample as Restricted Irrigation with 99.3% confidence. All independent safety, anomaly, meteorological, and storage checks were satisfied for operational dispatch."
76,Bathroom,2,Restricted Irrigation,0.9934,NORMAL,0.1274,SAFE_FOR_MODEL_REVIEW,FAVORABLE,NORMAL,Restricted Irrigation,ALLOW_ROUTE,APPROVED,False,WQ_ACCEPTABLE|ANOMALY_CLEAN|MODEL_HIGH_CONFIDENCE|ROUTE_IRRIGATION|STORAGE_NORMAL|WEATHER_FAVORABLE,"Supervised model classified this Bathroom sample as Restricted Irrigation with 99.3% confidence. All independent safety, anomaly, meteorological, and storage checks were satisfied for operational dispatch."
77,Laundry,0,Sewer Bypass,0.8251,NORMAL,0.0763,CRITICAL,NEUTRAL,NORMAL,Sewer Bypass,SAFETY_OVERRIDE,OVERRIDDEN,True,WQ_EXTREME_PH|WQ_HIGH_COD|WQ_HIGH_TURBIDITY|WQ_SEPTIC_RISK|WQ_CRITICAL|ANOMALY_CLEAN|MODEL_HIGH_CONFIDENCE|ROUTE_SEWER|STORAGE_NORMAL|OVERRIDE_SAFETY_CRITICAL,"Critical water-quality or safety cutoff detected (CRITICAL). Although supervised model predicted Sewer Bypass (82.5% confidence), the safety layer overrode the decision and selected Sewer Bypass for hazard containment."
78,Kitchen,0,Sewer Bypass,0.9995,NORMAL,0.0269,CRITICAL,NEUTRAL,NORMAL,Sewer Bypass,SAFETY_OVERRIDE,OVERRIDDEN,True,WQ_HIGH_COD|WQ_HIGH_BOD|WQ_HIGH_TURBIDITY|WQ_HIGH_TDS|WQ_SEPTIC_RISK|WQ_CRITICAL|ANOMALY_CLEAN|MODEL_HIGH_CONFIDENCE|ROUTE_SEWER|STORAGE_NORMAL|OVERRIDE_SAFETY_CRITICAL,"Critical water-quality or safety cutoff detected (CRITICAL). Although supervised model predicted Sewer Bypass (99.9% confidence), the safety layer overrode the decision and selected Sewer Bypass for hazard containment."
79,Laundry,0,Sewer Bypass,0.9988,NORMAL,0.0646,CRITICAL,NEUTRAL,NORMAL,Sewer Bypass,SAFETY_OVERRIDE,OVERRIDDEN,True,WQ_HIGH_COD|WQ_HIGH_TURBIDITY|WQ_HIGH_TSS|WQ_CRITICAL|ANOMALY_CLEAN|MODEL_HIGH_CONFIDENCE|ROUTE_SEWER|STORAGE_NORMAL|OVERRIDE_SAFETY_CRITICAL,"Critical water-quality or safety cutoff detected (CRITICAL). Although supervised model predicted Sewer Bypass (99.9% confidence), the safety layer overrode the decision and selected Sewer Bypass for hazard containment."
80,Laundry,0,Sewer Bypass,0.9887,NORMAL,0.0754,CRITICAL,NEUTRAL,NORMAL,Sewer Bypass,SAFETY_OVERRIDE,OVERRIDDEN,True,WQ_HIGH_COD|WQ_HIGH_TURBIDITY|WQ_SEPTIC_RISK|WQ_CRITICAL|ANOMALY_CLEAN|MODEL_HIGH_CONFIDENCE|ROUTE_SEWER|STORAGE_NORMAL|OVERRIDE_SAFETY_CRITICAL,"Critical water-quality or safety cutoff detected (CRITICAL). Although supervised model predicted Sewer Bypass (98.9% confidence), the safety layer overrode the decision and selected Sewer Bypass for hazard containment."
81,Laundry,0,Sewer Bypass,0.9999,NORMAL,0.1099,CRITICAL,NEUTRAL,NORMAL,Sewer Bypass,SAFETY_OVERRIDE,OVERRIDDEN,True,WQ_HIGH_COD|WQ_HIGH_BOD|WQ_HIGH_TURBIDITY|WQ_SEPTIC_RISK|WQ_CRITICAL|ANOMALY_CLEAN|MODEL_HIGH_CONFIDENCE|ROUTE_SEWER|STORAGE_NORMAL|OVERRIDE_SAFETY_CRITICAL,"Critical water-quality or safety cutoff detected (CRITICAL). Although supervised model predicted Sewer Bypass (100.0% confidence), the safety layer overrode the decision and selected Sewer Bypass for hazard containment."
82,Mixed,1,Bio-filtration,0.9407,NORMAL,0.1125,SAFE_FOR_MODEL_REVIEW,NEUTRAL,NORMAL,Bio-filtration,PROCEED_WITH_TREATMENT,APPROVED,False,WQ_ACCEPTABLE|ANOMALY_CLEAN|MODEL_HIGH_CONFIDENCE|ROUTE_BIOFILTRATION|STORAGE_NORMAL|WEATHER_FAVORABLE,"Supervised model classified this Mixed sample as Bio-filtration with 94.1% confidence. All independent safety, anomaly, meteorological, and storage checks were satisfied for operational dispatch."
83,Mixed,1,Bio-filtration,0.999,NORMAL,0.131,REVIEW_REQUIRED,NEUTRAL,NORMAL,Bio-filtration,PROCEED_WITH_TREATMENT,APPROVED,False,WQ_HIGH_TURBIDITY|ANOMALY_CLEAN|MODEL_HIGH_CONFIDENCE|ROUTE_BIOFILTRATION|STORAGE_NORMAL|WEATHER_FAVORABLE,"Supervised model classified this Mixed sample as Bio-filtration with 99.9% confidence. All independent safety, anomaly, meteorological, and storage checks were satisfied for operational dispatch."
84,Laundry,1,Bio-filtration,0.8991,NORMAL,0.1286,HIGH_RISK,NEUTRAL,NORMAL,Bio-filtration,PROCEED_WITH_TREATMENT,APPROVED,False,WQ_HIGH_COD|WQ_HIGH_BOD|WQ_HIGH_TURBIDITY|ANOMALY_CLEAN|MODEL_HIGH_CONFIDENCE|ROUTE_BIOFILTRATION|STORAGE_NORMAL|WEATHER_FAVORABLE,"Supervised model classified this Laundry sample as Bio-filtration with 89.9% confidence. All independent safety, anomaly, meteorological, and storage checks were satisfied for operational dispatch."
85,Kitchen,0,Sewer Bypass,0.9998,NORMAL,0.0731,CRITICAL,NEUTRAL,NORMAL,Sewer Bypass,SAFETY_OVERRIDE,OVERRIDDEN,True,WQ_HIGH_COD|WQ_HIGH_BOD|WQ_HIGH_TURBIDITY|WQ_SEPTIC_RISK|WQ_CRITICAL|ANOMALY_CLEAN|MODEL_HIGH_CONFIDENCE|ROUTE_SEWER|STORAGE_NORMAL|OVERRIDE_SAFETY_CRITICAL,"Critical water-quality or safety cutoff detected (CRITICAL). Although supervised model predicted Sewer Bypass (100.0% confidence), the safety layer overrode the decision and selected Sewer Bypass for hazard containment."
86,Bathroom,2,Restricted Irrigation,0.9893,NORMAL,0.1429,SAFE_FOR_MODEL_REVIEW,FAVORABLE,NORMAL,Restricted Irrigation,ALLOW_ROUTE,APPROVED,False,WQ_ACCEPTABLE|ANOMALY_CLEAN|MODEL_HIGH_CONFIDENCE|ROUTE_IRRIGATION|STORAGE_NORMAL|WEATHER_FAVORABLE,"Supervised model classified this Bathroom sample as Restricted Irrigation with 98.9% confidence. All independent safety, anomaly, meteorological, and storage checks were satisfied for operational dispatch."
87,Bathroom,2,Restricted Irrigation,0.9884,NORMAL,0.133,SAFE_FOR_MODEL_REVIEW,FAVORABLE,NORMAL,Restricted Irrigation,ALLOW_ROUTE,APPROVED,False,WQ_ACCEPTABLE|ANOMALY_CLEAN|MODEL_HIGH_CONFIDENCE|ROUTE_IRRIGATION|STORAGE_NORMAL|WEATHER_FAVORABLE,"Supervised model classified this Bathroom sample as Restricted Irrigation with 98.8% confidence. All independent safety, anomaly, meteorological, and storage checks were satisfied for operational dispatch."
88,Laundry,1,Bio-filtration,0.997,NORMAL,0.1136,HIGH_RISK,NEUTRAL,NORMAL,Bio-filtration,PROCEED_WITH_TREATMENT,APPROVED,False,WQ_HIGH_BOD|WQ_HIGH_TURBIDITY|ANOMALY_CLEAN|MODEL_HIGH_CONFIDENCE|ROUTE_BIOFILTRATION|STORAGE_NORMAL|WEATHER_FAVORABLE,"Supervised model classified this Laundry sample as Bio-filtration with 99.7% confidence. All independent safety, anomaly, meteorological, and storage checks were satisfied for operational dispatch."
89,Laundry,0,Sewer Bypass,1.0,NORMAL,0.0493,CRITICAL,NEUTRAL,NORMAL,Sewer Bypass,SAFETY_OVERRIDE,OVERRIDDEN,True,WQ_HIGH_ECOLI|WQ_HIGH_COD|WQ_HIGH_BOD|WQ_HIGH_TURBIDITY|WQ_SEPTIC_RISK|WQ_CRITICAL|ANOMALY_CLEAN|MODEL_HIGH_CONFIDENCE|ROUTE_SEWER|STORAGE_NORMAL|OVERRIDE_SAFETY_CRITICAL,"Critical water-quality or safety cutoff detected (CRITICAL). Although supervised model predicted Sewer Bypass (100.0% confidence), the safety layer overrode the decision and selected Sewer Bypass for hazard containment."
90,Laundry,1,Bio-filtration,0.9557,NORMAL,0.1072,HIGH_RISK,NEUTRAL,NORMAL,Bio-filtration,PROCEED_WITH_TREATMENT,APPROVED,False,WQ_HIGH_COD|WQ_HIGH_BOD|WQ_HIGH_TURBIDITY|ANOMALY_CLEAN|MODEL_HIGH_CONFIDENCE|ROUTE_BIOFILTRATION|STORAGE_NORMAL|WEATHER_FAVORABLE,"Supervised model classified this Laundry sample as Bio-filtration with 95.6% confidence. All independent safety, anomaly, meteorological, and storage checks were satisfied for operational dispatch."
91,Mixed,1,Bio-filtration,0.7952,NORMAL,0.1174,SAFE_FOR_MODEL_REVIEW,NEUTRAL,NORMAL,Bio-filtration,PROCEED_WITH_TREATMENT,APPROVED,False,WQ_ACCEPTABLE|ANOMALY_CLEAN|MODEL_HIGH_CONFIDENCE|ROUTE_BIOFILTRATION|STORAGE_NORMAL|WEATHER_FAVORABLE,"Supervised model classified this Mixed sample as Bio-filtration with 79.5% confidence. All independent safety, anomaly, meteorological, and storage checks were satisfied for operational dispatch."
92,Laundry,1,Bio-filtration,0.9969,NORMAL,0.1009,REVIEW_REQUIRED,NEUTRAL,NORMAL,Bio-filtration,PROCEED_WITH_TREATMENT,APPROVED,False,WQ_HIGH_TURBIDITY|ANOMALY_CLEAN|MODEL_HIGH_CONFIDENCE|ROUTE_BIOFILTRATION|STORAGE_NORMAL|WEATHER_FAVORABLE,"Supervised model classified this Laundry sample as Bio-filtration with 99.7% confidence. All independent safety, anomaly, meteorological, and storage checks were satisfied for operational dispatch."
93,Bathroom,1,Bio-filtration,0.974,NORMAL,0.1244,HIGH_RISK,NEUTRAL,NORMAL,Bio-filtration,PROCEED_WITH_TREATMENT,APPROVED,False,WQ_HIGH_ECOLI|ANOMALY_CLEAN|MODEL_HIGH_CONFIDENCE|ROUTE_BIOFILTRATION|STORAGE_NORMAL|WEATHER_FAVORABLE,"Supervised model classified this Bathroom sample as Bio-filtration with 97.4% confidence. All independent safety, anomaly, meteorological, and storage checks were satisfied for operational dispatch."
94,Laundry,1,Bio-filtration,0.5495,NORMAL,0.0661,CRITICAL,NEUTRAL,NORMAL,Sewer Bypass,SAFETY_OVERRIDE,OVERRIDDEN,True,WQ_HIGH_ECOLI|WQ_HIGH_COD|WQ_HIGH_TURBIDITY|WQ_SEPTIC_RISK|WQ_CRITICAL|ANOMALY_CLEAN|MODEL_LOW_CONFIDENCE|ROUTE_BIOFILTRATION|STORAGE_NORMAL|WEATHER_FAVORABLE|OVERRIDE_SAFETY_CRITICAL,"Critical water-quality or safety cutoff detected (CRITICAL). Although supervised model predicted Bio-filtration (54.9% confidence), the safety layer overrode the decision and selected Sewer Bypass for hazard containment."
95,Bathroom,2,Restricted Irrigation,0.9939,NORMAL,0.1051,SAFE_FOR_MODEL_REVIEW,FAVORABLE,NORMAL,Restricted Irrigation,ALLOW_ROUTE,APPROVED,False,WQ_ACCEPTABLE|ANOMALY_CLEAN|MODEL_HIGH_CONFIDENCE|ROUTE_IRRIGATION|STORAGE_NORMAL|WEATHER_FAVORABLE,"Supervised model classified this Bathroom sample as Restricted Irrigation with 99.4% confidence. All independent safety, anomaly, meteorological, and storage checks were satisfied for operational dispatch."
96,Bathroom,2,Restricted Irrigation,0.9743,NORMAL,0.1302,SAFE_FOR_MODEL_REVIEW,FAVORABLE,NORMAL,Restricted Irrigation,ALLOW_ROUTE,APPROVED,False,WQ_ACCEPTABLE|ANOMALY_CLEAN|MODEL_HIGH_CONFIDENCE|ROUTE_IRRIGATION|STORAGE_NORMAL|WEATHER_FAVORABLE,"Supervised model classified this Bathroom sample as Restricted Irrigation with 97.4% confidence. All independent safety, anomaly, meteorological, and storage checks were satisfied for operational dispatch."
97,Mixed,1,Bio-filtration,0.9995,NORMAL,0.1057,HIGH_RISK,NEUTRAL,NORMAL,Bio-filtration,PROCEED_WITH_TREATMENT,APPROVED,False,WQ_HIGH_ECOLI|ANOMALY_CLEAN|MODEL_HIGH_CONFIDENCE|ROUTE_BIOFILTRATION|STORAGE_NORMAL|WEATHER_FAVORABLE,"Supervised model classified this Mixed sample as Bio-filtration with 99.9% confidence. All independent safety, anomaly, meteorological, and storage checks were satisfied for operational dispatch."
98,Laundry,0,Sewer Bypass,0.9658,NORMAL,0.0705,CRITICAL,NEUTRAL,NORMAL,Sewer Bypass,SAFETY_OVERRIDE,OVERRIDDEN,True,WQ_HIGH_ECOLI|WQ_HIGH_COD|WQ_HIGH_BOD|WQ_SEPTIC_RISK|WQ_CRITICAL|ANOMALY_CLEAN|MODEL_HIGH_CONFIDENCE|ROUTE_SEWER|STORAGE_NORMAL|OVERRIDE_SAFETY_CRITICAL,"Critical water-quality or safety cutoff detected (CRITICAL). Although supervised model predicted Sewer Bypass (96.6% confidence), the safety layer overrode the decision and selected Sewer Bypass for hazard containment."
99,Kitchen,0,Sewer Bypass,1.0,NORMAL,0.03,CRITICAL,NEUTRAL,NORMAL,Sewer Bypass,SAFETY_OVERRIDE,OVERRIDDEN,True,WQ_HIGH_ECOLI|WQ_HIGH_COD|WQ_HIGH_BOD|WQ_HIGH_TURBIDITY|WQ_SEPTIC_RISK|WQ_CRITICAL|ANOMALY_CLEAN|MODEL_HIGH_CONFIDENCE|ROUTE_SEWER|STORAGE_NORMAL|OVERRIDE_SAFETY_CRITICAL,"Critical water-quality or safety cutoff detected (CRITICAL). Although supervised model predicted Sewer Bypass (100.0% confidence), the safety layer overrode the decision and selected Sewer Bypass for hazard containment."
100,Bathroom,1,Bio-filtration,0.9704,NORMAL,0.1044,SAFE_FOR_MODEL_REVIEW,NEUTRAL,NORMAL,Bio-filtration,PROCEED_WITH_TREATMENT,APPROVED,False,WQ_ACCEPTABLE|ANOMALY_CLEAN|MODEL_HIGH_CONFIDENCE|ROUTE_BIOFILTRATION|STORAGE_NORMAL|WEATHER_FAVORABLE,"Supervised model classified this Bathroom sample as Bio-filtration with 97.0% confidence. All independent safety, anomaly, meteorological, and storage checks were satisfied for operational dispatch."
101,Laundry,0,Sewer Bypass,0.9725,NORMAL,0.0881,CRITICAL,NEUTRAL,NORMAL,Sewer Bypass,SAFETY_OVERRIDE,OVERRIDDEN,True,WQ_HIGH_BOD|WQ_HIGH_TURBIDITY|WQ_HIGH_TSS|WQ_CRITICAL|ANOMALY_CLEAN|MODEL_HIGH_CONFIDENCE|ROUTE_SEWER|STORAGE_NORMAL|OVERRIDE_SAFETY_CRITICAL,"Critical water-quality or safety cutoff detected (CRITICAL). Although supervised model predicted Sewer Bypass (97.3% confidence), the safety layer overrode the decision and selected Sewer Bypass for hazard containment."
102,Mixed,1,Bio-filtration,0.9992,NORMAL,0.1098,HIGH_RISK,NEUTRAL,NORMAL,Bio-filtration,PROCEED_WITH_TREATMENT,APPROVED,False,WQ_HIGH_ECOLI|ANOMALY_CLEAN|MODEL_HIGH_CONFIDENCE|ROUTE_BIOFILTRATION|STORAGE_NORMAL|WEATHER_FAVORABLE,"Supervised model classified this Mixed sample as Bio-filtration with 99.9% confidence. All independent safety, anomaly, meteorological, and storage checks were satisfied for operational dispatch."
103,Mixed,1,Bio-filtration,0.9982,NORMAL,0.1451,SAFE_FOR_MODEL_REVIEW,NEUTRAL,NORMAL,Bio-filtration,PROCEED_WITH_TREATMENT,APPROVED,False,WQ_ACCEPTABLE|ANOMALY_CLEAN|MODEL_HIGH_CONFIDENCE|ROUTE_BIOFILTRATION|STORAGE_NORMAL|WEATHER_FAVORABLE,"Supervised model classified this Mixed sample as Bio-filtration with 99.8% confidence. All independent safety, anomaly, meteorological, and storage checks were satisfied for operational dispatch."
104,Kitchen,1,Bio-filtration,0.9721,NORMAL,0.0356,HIGH_RISK,NEUTRAL,NORMAL,Bio-filtration,PROCEED_WITH_TREATMENT,APPROVED,False,WQ_HIGH_ECOLI|WQ_HIGH_COD|ANOMALY_CLEAN|MODEL_HIGH_CONFIDENCE|ROUTE_BIOFILTRATION|STORAGE_NORMAL|WEATHER_FAVORABLE,"Supervised model classified this Kitchen sample as Bio-filtration with 97.2% confidence. All independent safety, anomaly, meteorological, and storage checks were satisfied for operational dispatch."
105,Kitchen,1,Bio-filtration,0.9838,NORMAL,0.0892,HIGH_RISK,NEUTRAL,NORMAL,Bio-filtration,PROCEED_WITH_TREATMENT,APPROVED,False,WQ_HIGH_ECOLI|WQ_HIGH_COD|WQ_HIGH_BOD|WQ_HIGH_TURBIDITY|ANOMALY_CLEAN|MODEL_HIGH_CONFIDENCE|ROUTE_BIOFILTRATION|STORAGE_NORMAL|WEATHER_FAVORABLE,"Supervised model classified this Kitchen sample as Bio-filtration with 98.4% confidence. All independent safety, anomaly, meteorological, and storage checks were satisfied for operational dispatch."
106,Mixed,1,Bio-filtration,0.9993,NORMAL,0.1129,HIGH_RISK,NEUTRAL,NORMAL,Bio-filtration,PROCEED_WITH_TREATMENT,APPROVED,False,WQ_HIGH_ECOLI|WQ_HIGH_TURBIDITY|ANOMALY_CLEAN|MODEL_HIGH_CONFIDENCE|ROUTE_BIOFILTRATION|STORAGE_NORMAL|WEATHER_FAVORABLE,"Supervised model classified this Mixed sample as Bio-filtration with 99.9% confidence. All independent safety, anomaly, meteorological, and storage checks were satisfied for operational dispatch."
107,Laundry,1,Bio-filtration,0.9911,NORMAL,0.0881,REVIEW_REQUIRED,NEUTRAL,NORMAL,Bio-filtration,PROCEED_WITH_TREATMENT,APPROVED,False,WQ_HIGH_TURBIDITY|ANOMALY_CLEAN|MODEL_HIGH_CONFIDENCE|ROUTE_BIOFILTRATION|STORAGE_NORMAL|WEATHER_FAVORABLE,"Supervised model classified this Laundry sample as Bio-filtration with 99.1% confidence. All independent safety, anomaly, meteorological, and storage checks were satisfied for operational dispatch."
108,Mixed,1,Bio-filtration,0.9772,NORMAL,0.1102,SAFE_FOR_MODEL_REVIEW,NEUTRAL,NORMAL,Bio-filtration,PROCEED_WITH_TREATMENT,APPROVED,False,WQ_ACCEPTABLE|ANOMALY_CLEAN|MODEL_HIGH_CONFIDENCE|ROUTE_BIOFILTRATION|STORAGE_NORMAL|WEATHER_FAVORABLE,"Supervised model classified this Mixed sample as Bio-filtration with 97.7% confidence. All independent safety, anomaly, meteorological, and storage checks were satisfied for operational dispatch."
109,Laundry,1,Bio-filtration,0.9687,NORMAL,0.1253,HIGH_RISK,NEUTRAL,NORMAL,Bio-filtration,PROCEED_WITH_TREATMENT,APPROVED,False,WQ_HIGH_COD|WQ_HIGH_BOD|WQ_HIGH_TURBIDITY|ANOMALY_CLEAN|MODEL_HIGH_CONFIDENCE|ROUTE_BIOFILTRATION|STORAGE_NORMAL|WEATHER_FAVORABLE,"Supervised model classified this Laundry sample as Bio-filtration with 96.9% confidence. All independent safety, anomaly, meteorological, and storage checks were satisfied for operational dispatch."
110,Bathroom,1,Bio-filtration,0.9554,NORMAL,0.1014,SAFE_FOR_MODEL_REVIEW,NEUTRAL,NORMAL,Bio-filtration,PROCEED_WITH_TREATMENT,APPROVED,False,WQ_ACCEPTABLE|ANOMALY_CLEAN|MODEL_HIGH_CONFIDENCE|ROUTE_BIOFILTRATION|STORAGE_NORMAL|WEATHER_FAVORABLE,"Supervised model classified this Bathroom sample as Bio-filtration with 95.5% confidence. All independent safety, anomaly, meteorological, and storage checks were satisfied for operational dispatch."
111,Kitchen,0,Sewer Bypass,1.0,NORMAL,0.0026,CRITICAL,NEUTRAL,NORMAL,Sewer Bypass,SAFETY_OVERRIDE,OVERRIDDEN,True,WQ_HIGH_ECOLI|WQ_HIGH_COD|WQ_HIGH_BOD|WQ_HIGH_TURBIDITY|WQ_HIGH_SALINITY|WQ_SEPTIC_RISK|WQ_CRITICAL|ANOMALY_CLEAN|MODEL_HIGH_CONFIDENCE|ROUTE_SEWER|STORAGE_NORMAL|OVERRIDE_SAFETY_CRITICAL,"Critical water-quality or safety cutoff detected (CRITICAL). Although supervised model predicted Sewer Bypass (100.0% confidence), the safety layer overrode the decision and selected Sewer Bypass for hazard containment."
112,Bathroom,1,Bio-filtration,0.9601,NORMAL,0.0842,HIGH_RISK,NEUTRAL,NORMAL,Bio-filtration,PROCEED_WITH_TREATMENT,APPROVED,False,WQ_HIGH_ECOLI|ANOMALY_CLEAN|MODEL_HIGH_CONFIDENCE|ROUTE_BIOFILTRATION|STORAGE_NORMAL|WEATHER_FAVORABLE,"Supervised model classified this Bathroom sample as Bio-filtration with 96.0% confidence. All independent safety, anomaly, meteorological, and storage checks were satisfied for operational dispatch."
113,Kitchen,0,Sewer Bypass,1.0,NORMAL,0.0218,CRITICAL,NEUTRAL,NORMAL,Sewer Bypass,SAFETY_OVERRIDE,OVERRIDDEN,True,WQ_HIGH_ECOLI|WQ_HIGH_COD|WQ_HIGH_BOD|WQ_HIGH_TURBIDITY|WQ_SEPTIC_RISK|WQ_CRITICAL|ANOMALY_CLEAN|MODEL_HIGH_CONFIDENCE|ROUTE_SEWER|STORAGE_NORMAL|OVERRIDE_SAFETY_CRITICAL,"Critical water-quality or safety cutoff detected (CRITICAL). Although supervised model predicted Sewer Bypass (100.0% confidence), the safety layer overrode the decision and selected Sewer Bypass for hazard containment."
114,Laundry,0,Sewer Bypass,0.9904,NORMAL,0.1047,CRITICAL,NEUTRAL,NORMAL,Sewer Bypass,SAFETY_OVERRIDE,OVERRIDDEN,True,WQ_HIGH_COD|WQ_HIGH_BOD|WQ_HIGH_TURBIDITY|WQ_SEPTIC_RISK|WQ_CRITICAL|ANOMALY_CLEAN|MODEL_HIGH_CONFIDENCE|ROUTE_SEWER|STORAGE_NORMAL|OVERRIDE_SAFETY_CRITICAL,"Critical water-quality or safety cutoff detected (CRITICAL). Although supervised model predicted Sewer Bypass (99.0% confidence), the safety layer overrode the decision and selected Sewer Bypass for hazard containment."
115,Mixed,1,Bio-filtration,0.9979,NORMAL,0.0985,HIGH_RISK,NEUTRAL,NORMAL,Bio-filtration,PROCEED_WITH_TREATMENT,APPROVED,False,WQ_HIGH_BOD|WQ_HIGH_TURBIDITY|ANOMALY_CLEAN|MODEL_HIGH_CONFIDENCE|ROUTE_BIOFILTRATION|STORAGE_NORMAL|WEATHER_FAVORABLE,"Supervised model classified this Mixed sample as Bio-filtration with 99.8% confidence. All independent safety, anomaly, meteorological, and storage checks were satisfied for operational dispatch."
116,Bathroom,1,Bio-filtration,0.996,NORMAL,0.1436,SAFE_FOR_MODEL_REVIEW,NEUTRAL,NORMAL,Bio-filtration,PROCEED_WITH_TREATMENT,APPROVED,False,WQ_ACCEPTABLE|ANOMALY_CLEAN|MODEL_HIGH_CONFIDENCE|ROUTE_BIOFILTRATION|STORAGE_NORMAL|WEATHER_FAVORABLE,"Supervised model classified this Bathroom sample as Bio-filtration with 99.6% confidence. All independent safety, anomaly, meteorological, and storage checks were satisfied for operational dispatch."
117,Kitchen,0,Sewer Bypass,0.9998,NORMAL,0.0075,CRITICAL,NEUTRAL,NORMAL,Sewer Bypass,SAFETY_OVERRIDE,OVERRIDDEN,True,WQ_HIGH_ECOLI|WQ_HIGH_COD|WQ_HIGH_TURBIDITY|WQ_HIGH_TSS|WQ_CRITICAL|ANOMALY_CLEAN|MODEL_HIGH_CONFIDENCE|ROUTE_SEWER|STORAGE_NORMAL|OVERRIDE_SAFETY_CRITICAL,"Critical water-quality or safety cutoff detected (CRITICAL). Although supervised model predicted Sewer Bypass (100.0% confidence), the safety layer overrode the decision and selected Sewer Bypass for hazard containment."
118,Kitchen,0,Sewer Bypass,0.9812,NORMAL,0.0142,CRITICAL,NEUTRAL,NORMAL,Sewer Bypass,SAFETY_OVERRIDE,OVERRIDDEN,True,WQ_HIGH_ECOLI|WQ_HIGH_BOD|WQ_HIGH_TURBIDITY|WQ_HIGH_SALINITY|WQ_CRITICAL|ANOMALY_CLEAN|MODEL_HIGH_CONFIDENCE|ROUTE_SEWER|STORAGE_NORMAL|OVERRIDE_SAFETY_CRITICAL,"Critical water-quality or safety cutoff detected (CRITICAL). Although supervised model predicted Sewer Bypass (98.1% confidence), the safety layer overrode the decision and selected Sewer Bypass for hazard containment."
119,Bathroom,2,Restricted Irrigation,0.9909,NORMAL,0.1335,SAFE_FOR_MODEL_REVIEW,FAVORABLE,NORMAL,Restricted Irrigation,ALLOW_ROUTE,APPROVED,False,WQ_ACCEPTABLE|ANOMALY_CLEAN|MODEL_HIGH_CONFIDENCE|ROUTE_IRRIGATION|STORAGE_NORMAL|WEATHER_FAVORABLE,"Supervised model classified this Bathroom sample as Restricted Irrigation with 99.1% confidence. All independent safety, anomaly, meteorological, and storage checks were satisfied for operational dispatch."
120,Bathroom,2,Restricted Irrigation,0.9946,NORMAL,0.1063,SAFE_FOR_MODEL_REVIEW,FAVORABLE,NORMAL,Restricted Irrigation,ALLOW_ROUTE,APPROVED,False,WQ_ACCEPTABLE|ANOMALY_CLEAN|MODEL_HIGH_CONFIDENCE|ROUTE_IRRIGATION|STORAGE_NORMAL|WEATHER_FAVORABLE,"Supervised model classified this Bathroom sample as Restricted Irrigation with 99.5% confidence. All independent safety, anomaly, meteorological, and storage checks were satisfied for operational dispatch."
121,Laundry,0,Sewer Bypass,0.9997,NORMAL,0.1035,CRITICAL,NEUTRAL,NORMAL,Sewer Bypass,SAFETY_OVERRIDE,OVERRIDDEN,True,WQ_HIGH_COD|WQ_HIGH_BOD|WQ_HIGH_TURBIDITY|WQ_HIGH_TSS|WQ_SEPTIC_RISK|WQ_CRITICAL|ANOMALY_CLEAN|MODEL_HIGH_CONFIDENCE|ROUTE_SEWER|STORAGE_NORMAL|OVERRIDE_SAFETY_CRITICAL,"Critical water-quality or safety cutoff detected (CRITICAL). Although supervised model predicted Sewer Bypass (100.0% confidence), the safety layer overrode the decision and selected Sewer Bypass for hazard containment."
122,Laundry,0,Sewer Bypass,0.928,NORMAL,0.0711,CRITICAL,NEUTRAL,NORMAL,Sewer Bypass,SAFETY_OVERRIDE,OVERRIDDEN,True,WQ_HIGH_ECOLI|WQ_HIGH_COD|WQ_HIGH_BOD|WQ_HIGH_TURBIDITY|WQ_CRITICAL|ANOMALY_CLEAN|MODEL_HIGH_CONFIDENCE|ROUTE_SEWER|STORAGE_NORMAL|OVERRIDE_SAFETY_CRITICAL,"Critical water-quality or safety cutoff detected (CRITICAL). Although supervised model predicted Sewer Bypass (92.8% confidence), the safety layer overrode the decision and selected Sewer Bypass for hazard containment."
123,Mixed,1,Bio-filtration,0.9988,NORMAL,0.0979,HIGH_RISK,NEUTRAL,NORMAL,Bio-filtration,PROCEED_WITH_TREATMENT,APPROVED,False,WQ_HIGH_ECOLI|WQ_HIGH_TURBIDITY|ANOMALY_CLEAN|MODEL_HIGH_CONFIDENCE|ROUTE_BIOFILTRATION|STORAGE_NORMAL|WEATHER_FAVORABLE,"Supervised model classified this Mixed sample as Bio-filtration with 99.9% confidence. All independent safety, anomaly, meteorological, and storage checks were satisfied for operational dispatch."
124,Bathroom,2,Restricted Irrigation,0.9894,NORMAL,0.1103,SAFE_FOR_MODEL_REVIEW,FAVORABLE,NORMAL,Restricted Irrigation,ALLOW_ROUTE,APPROVED,False,WQ_ACCEPTABLE|ANOMALY_CLEAN|MODEL_HIGH_CONFIDENCE|ROUTE_IRRIGATION|STORAGE_NORMAL|WEATHER_FAVORABLE,"Supervised model classified this Bathroom sample as Restricted Irrigation with 98.9% confidence. All independent safety, anomaly, meteorological, and storage checks were satisfied for operational dispatch."
125,Bathroom,2,Restricted Irrigation,0.9929,NORMAL,0.1426,SAFE_FOR_MODEL_REVIEW,FAVORABLE,NORMAL,Restricted Irrigation,ALLOW_ROUTE,APPROVED,False,WQ_ACCEPTABLE|ANOMALY_CLEAN|MODEL_HIGH_CONFIDENCE|ROUTE_IRRIGATION|STORAGE_NORMAL|WEATHER_FAVORABLE,"Supervised model classified this Bathroom sample as Restricted Irrigation with 99.3% confidence. All independent safety, anomaly, meteorological, and storage checks were satisfied for operational dispatch."
126,Mixed,1,Bio-filtration,0.9992,NORMAL,0.1403,SAFE_FOR_MODEL_REVIEW,NEUTRAL,NORMAL,Bio-filtration,PROCEED_WITH_TREATMENT,APPROVED,False,WQ_ACCEPTABLE|ANOMALY_CLEAN|MODEL_HIGH_CONFIDENCE|ROUTE_BIOFILTRATION|STORAGE_NORMAL|WEATHER_FAVORABLE,"Supervised model classified this Mixed sample as Bio-filtration with 99.9% confidence. All independent safety, anomaly, meteorological, and storage checks were satisfied for operational dispatch."
127,Kitchen,0,Sewer Bypass,0.9999,ANOMALY_DETECTED,-0.0049,CRITICAL,NEUTRAL,NORMAL,Sewer Bypass,SAFETY_OVERRIDE,OVERRIDDEN,True,WQ_HIGH_ECOLI|WQ_HIGH_COD|WQ_HIGH_BOD|WQ_SEPTIC_RISK|WQ_CRITICAL|ANOMALY_DETECTED|MODEL_HIGH_CONFIDENCE|ROUTE_SEWER|STORAGE_NORMAL|OVERRIDE_SAFETY_CRITICAL,"Critical water-quality or safety cutoff detected (CRITICAL). Although supervised model predicted Sewer Bypass (100.0% confidence), the safety layer overrode the decision and selected Sewer Bypass for hazard containment."
128,Mixed,1,Bio-filtration,0.9994,NORMAL,0.1046,REVIEW_REQUIRED,NEUTRAL,NORMAL,Bio-filtration,PROCEED_WITH_TREATMENT,APPROVED,False,WQ_HIGH_TURBIDITY|ANOMALY_CLEAN|MODEL_HIGH_CONFIDENCE|ROUTE_BIOFILTRATION|STORAGE_NORMAL|WEATHER_FAVORABLE,"Supervised model classified this Mixed sample as Bio-filtration with 99.9% confidence. All independent safety, anomaly, meteorological, and storage checks were satisfied for operational dispatch."
129,Kitchen,0,Sewer Bypass,0.9999,NORMAL,0.0155,CRITICAL,NEUTRAL,NORMAL,Sewer Bypass,SAFETY_OVERRIDE,OVERRIDDEN,True,WQ_HIGH_TURBIDITY|WQ_HIGH_TSS|WQ_HIGH_SALINITY|WQ_CRITICAL|ANOMALY_CLEAN|MODEL_HIGH_CONFIDENCE|ROUTE_SEWER|STORAGE_NORMAL|OVERRIDE_SAFETY_CRITICAL,"Critical water-quality or safety cutoff detected (CRITICAL). Although supervised model predicted Sewer Bypass (100.0% confidence), the safety layer overrode the decision and selected Sewer Bypass for hazard containment."
130,Bathroom,1,Bio-filtration,0.9765,NORMAL,0.1414,SAFE_FOR_MODEL_REVIEW,NEUTRAL,NORMAL,Bio-filtration,PROCEED_WITH_TREATMENT,APPROVED,False,WQ_ACCEPTABLE|ANOMALY_CLEAN|MODEL_HIGH_CONFIDENCE|ROUTE_BIOFILTRATION|STORAGE_NORMAL|WEATHER_FAVORABLE,"Supervised model classified this Bathroom sample as Bio-filtration with 97.6% confidence. All independent safety, anomaly, meteorological, and storage checks were satisfied for operational dispatch."
131,Laundry,0,Sewer Bypass,0.9833,NORMAL,0.1192,CRITICAL,NEUTRAL,NORMAL,Sewer Bypass,SAFETY_OVERRIDE,OVERRIDDEN,True,WQ_HIGH_ECOLI|WQ_HIGH_COD|WQ_HIGH_TURBIDITY|WQ_SEPTIC_RISK|WQ_CRITICAL|ANOMALY_CLEAN|MODEL_HIGH_CONFIDENCE|ROUTE_SEWER|STORAGE_NORMAL|OVERRIDE_SAFETY_CRITICAL,"Critical water-quality or safety cutoff detected (CRITICAL). Although supervised model predicted Sewer Bypass (98.3% confidence), the safety layer overrode the decision and selected Sewer Bypass for hazard containment."
132,Laundry,1,Bio-filtration,0.9917,NORMAL,0.0853,REVIEW_REQUIRED,NEUTRAL,NORMAL,Bio-filtration,PROCEED_WITH_TREATMENT,APPROVED,False,WQ_HIGH_TURBIDITY|ANOMALY_CLEAN|MODEL_HIGH_CONFIDENCE|ROUTE_BIOFILTRATION|STORAGE_NORMAL|WEATHER_FAVORABLE,"Supervised model classified this Laundry sample as Bio-filtration with 99.2% confidence. All independent safety, anomaly, meteorological, and storage checks were satisfied for operational dispatch."
133,Bathroom,2,Restricted Irrigation,0.9928,NORMAL,0.1116,SAFE_FOR_MODEL_REVIEW,FAVORABLE,NORMAL,Restricted Irrigation,ALLOW_ROUTE,APPROVED,False,WQ_ACCEPTABLE|ANOMALY_CLEAN|MODEL_HIGH_CONFIDENCE|ROUTE_IRRIGATION|STORAGE_NORMAL|WEATHER_FAVORABLE,"Supervised model classified this Bathroom sample as Restricted Irrigation with 99.3% confidence. All independent safety, anomaly, meteorological, and storage checks were satisfied for operational dispatch."
134,Bathroom,1,Bio-filtration,0.9723,NORMAL,0.111,SAFE_FOR_MODEL_REVIEW,NEUTRAL,NORMAL,Bio-filtration,PROCEED_WITH_TREATMENT,APPROVED,False,WQ_ACCEPTABLE|ANOMALY_CLEAN|MODEL_HIGH_CONFIDENCE|ROUTE_BIOFILTRATION|STORAGE_NORMAL|WEATHER_FAVORABLE,"Supervised model classified this Bathroom sample as Bio-filtration with 97.2% confidence. All independent safety, anomaly, meteorological, and storage checks were satisfied for operational dispatch."
135,Laundry,1,Bio-filtration,0.9849,NORMAL,0.1284,HIGH_RISK,NEUTRAL,NORMAL,Bio-filtration,PROCEED_WITH_TREATMENT,APPROVED,False,WQ_HIGH_ECOLI|WQ_HIGH_BOD|WQ_HIGH_TURBIDITY|ANOMALY_CLEAN|MODEL_HIGH_CONFIDENCE|ROUTE_BIOFILTRATION|STORAGE_NORMAL|WEATHER_FAVORABLE,"Supervised model classified this Laundry sample as Bio-filtration with 98.5% confidence. All independent safety, anomaly, meteorological, and storage checks were satisfied for operational dispatch."
136,Bathroom,1,Bio-filtration,0.9749,NORMAL,0.1398,SAFE_FOR_MODEL_REVIEW,NEUTRAL,NORMAL,Bio-filtration,PROCEED_WITH_TREATMENT,APPROVED,False,WQ_ACCEPTABLE|ANOMALY_CLEAN|MODEL_HIGH_CONFIDENCE|ROUTE_BIOFILTRATION|STORAGE_NORMAL|WEATHER_FAVORABLE,"Supervised model classified this Bathroom sample as Bio-filtration with 97.5% confidence. All independent safety, anomaly, meteorological, and storage checks were satisfied for operational dispatch."
137,Kitchen,0,Sewer Bypass,0.9997,NORMAL,0.0505,CRITICAL,NEUTRAL,NORMAL,Sewer Bypass,SAFETY_OVERRIDE,OVERRIDDEN,True,WQ_HIGH_COD|WQ_HIGH_BOD|WQ_HIGH_TURBIDITY|WQ_HIGH_SALINITY|WQ_SEPTIC_RISK|WQ_CRITICAL|ANOMALY_CLEAN|MODEL_HIGH_CONFIDENCE|ROUTE_SEWER|STORAGE_NORMAL|OVERRIDE_SAFETY_CRITICAL,"Critical water-quality or safety cutoff detected (CRITICAL). Although supervised model predicted Sewer Bypass (100.0% confidence), the safety layer overrode the decision and selected Sewer Bypass for hazard containment."
138,Laundry,0,Sewer Bypass,0.9999,NORMAL,0.0738,CRITICAL,NEUTRAL,NORMAL,Sewer Bypass,SAFETY_OVERRIDE,OVERRIDDEN,True,WQ_HIGH_COD|WQ_HIGH_BOD|WQ_HIGH_TURBIDITY|WQ_SEPTIC_RISK|WQ_CRITICAL|ANOMALY_CLEAN|MODEL_HIGH_CONFIDENCE|ROUTE_SEWER|STORAGE_NORMAL|OVERRIDE_SAFETY_CRITICAL,"Critical water-quality or safety cutoff detected (CRITICAL). Although supervised model predicted Sewer Bypass (100.0% confidence), the safety layer overrode the decision and selected Sewer Bypass for hazard containment."
139,Laundry,1,Bio-filtration,0.9929,NORMAL,0.1011,HIGH_RISK,NEUTRAL,NORMAL,Bio-filtration,PROCEED_WITH_TREATMENT,APPROVED,False,WQ_HIGH_ECOLI|WQ_HIGH_COD|WQ_HIGH_BOD|ANOMALY_CLEAN|MODEL_HIGH_CONFIDENCE|ROUTE_BIOFILTRATION|STORAGE_NORMAL|WEATHER_FAVORABLE,"Supervised model classified this Laundry sample as Bio-filtration with 99.3% confidence. All independent safety, anomaly, meteorological, and storage checks were satisfied for operational dispatch."
140,Kitchen,0,Sewer Bypass,0.9998,NORMAL,0.0729,CRITICAL,NEUTRAL,NORMAL,Sewer Bypass,SAFETY_OVERRIDE,OVERRIDDEN,True,WQ_HIGH_COD|WQ_HIGH_TURBIDITY|WQ_HIGH_TSS|WQ_SEPTIC_RISK|WQ_CRITICAL|ANOMALY_CLEAN|MODEL_HIGH_CONFIDENCE|ROUTE_SEWER|STORAGE_NORMAL|OVERRIDE_SAFETY_CRITICAL,"Critical water-quality or safety cutoff detected (CRITICAL). Although supervised model predicted Sewer Bypass (100.0% confidence), the safety layer overrode the decision and selected Sewer Bypass for hazard containment."
141,Mixed,1,Bio-filtration,0.9992,NORMAL,0.1021,HIGH_RISK,NEUTRAL,NORMAL,Bio-filtration,PROCEED_WITH_TREATMENT,APPROVED,False,WQ_HIGH_ECOLI|ANOMALY_CLEAN|MODEL_HIGH_CONFIDENCE|ROUTE_BIOFILTRATION|STORAGE_NORMAL|WEATHER_FAVORABLE,"Supervised model classified this Mixed sample as Bio-filtration with 99.9% confidence. All independent safety, anomaly, meteorological, and storage checks were satisfied for operational dispatch."
142,Kitchen,0,Sewer Bypass,0.9983,NORMAL,0.0801,CRITICAL,NEUTRAL,NORMAL,Sewer Bypass,SAFETY_OVERRIDE,OVERRIDDEN,True,WQ_HIGH_COD|WQ_HIGH_BOD|WQ_HIGH_TURBIDITY|WQ_HIGH_SALINITY|WQ_SEPTIC_RISK|WQ_CRITICAL|ANOMALY_CLEAN|MODEL_HIGH_CONFIDENCE|ROUTE_SEWER|STORAGE_NORMAL|OVERRIDE_SAFETY_CRITICAL,"Critical water-quality or safety cutoff detected (CRITICAL). Although supervised model predicted Sewer Bypass (99.8% confidence), the safety layer overrode the decision and selected Sewer Bypass for hazard containment."
143,Laundry,1,Bio-filtration,0.9916,NORMAL,0.0815,HIGH_RISK,NEUTRAL,NORMAL,Bio-filtration,PROCEED_WITH_TREATMENT,APPROVED,False,WQ_HIGH_ECOLI|ANOMALY_CLEAN|MODEL_HIGH_CONFIDENCE|ROUTE_BIOFILTRATION|STORAGE_NORMAL|WEATHER_FAVORABLE,"Supervised model classified this Laundry sample as Bio-filtration with 99.2% confidence. All independent safety, anomaly, meteorological, and storage checks were satisfied for operational dispatch."
144,Laundry,1,Bio-filtration,0.957,NORMAL,0.0724,HIGH_RISK,NEUTRAL,NORMAL,Bio-filtration,PROCEED_WITH_TREATMENT,APPROVED,False,WQ_HIGH_ECOLI|WQ_HIGH_BOD|ANOMALY_CLEAN|MODEL_HIGH_CONFIDENCE|ROUTE_BIOFILTRATION|STORAGE_NORMAL|WEATHER_FAVORABLE,"Supervised model classified this Laundry sample as Bio-filtration with 95.7% confidence. All independent safety, anomaly, meteorological, and storage checks were satisfied for operational dispatch."
145,Mixed,1,Bio-filtration,0.9749,NORMAL,0.1053,SAFE_FOR_MODEL_REVIEW,NEUTRAL,NORMAL,Bio-filtration,PROCEED_WITH_TREATMENT,APPROVED,False,WQ_ACCEPTABLE|ANOMALY_CLEAN|MODEL_HIGH_CONFIDENCE|ROUTE_BIOFILTRATION|STORAGE_NORMAL|WEATHER_FAVORABLE,"Supervised model classified this Mixed sample as Bio-filtration with 97.5% confidence. All independent safety, anomaly, meteorological, and storage checks were satisfied for operational dispatch."
146,Laundry,0,Sewer Bypass,0.9906,NORMAL,0.0953,CRITICAL,NEUTRAL,NORMAL,Sewer Bypass,SAFETY_OVERRIDE,OVERRIDDEN,True,WQ_HIGH_COD|WQ_HIGH_TURBIDITY|WQ_SEPTIC_RISK|WQ_CRITICAL|ANOMALY_CLEAN|MODEL_HIGH_CONFIDENCE|ROUTE_SEWER|STORAGE_NORMAL|OVERRIDE_SAFETY_CRITICAL,"Critical water-quality or safety cutoff detected (CRITICAL). Although supervised model predicted Sewer Bypass (99.1% confidence), the safety layer overrode the decision and selected Sewer Bypass for hazard containment."
147,Bathroom,2,Restricted Irrigation,0.9781,NORMAL,0.1061,SAFE_FOR_MODEL_REVIEW,FAVORABLE,NORMAL,Restricted Irrigation,ALLOW_ROUTE,APPROVED,False,WQ_ACCEPTABLE|ANOMALY_CLEAN|MODEL_HIGH_CONFIDENCE|ROUTE_IRRIGATION|STORAGE_NORMAL|WEATHER_FAVORABLE,"Supervised model classified this Bathroom sample as Restricted Irrigation with 97.8% confidence. All independent safety, anomaly, meteorological, and storage checks were satisfied for operational dispatch."
148,Kitchen,0,Sewer Bypass,0.9999,NORMAL,0.0031,CRITICAL,NEUTRAL,NORMAL,Sewer Bypass,SAFETY_OVERRIDE,OVERRIDDEN,True,WQ_HIGH_ECOLI|WQ_HIGH_COD|WQ_HIGH_BOD|WQ_HIGH_TURBIDITY|WQ_SEPTIC_RISK|WQ_CRITICAL|ANOMALY_CLEAN|MODEL_HIGH_CONFIDENCE|ROUTE_SEWER|STORAGE_NORMAL|OVERRIDE_SAFETY_CRITICAL,"Critical water-quality or safety cutoff detected (CRITICAL). Although supervised model predicted Sewer Bypass (100.0% confidence), the safety layer overrode the decision and selected Sewer Bypass for hazard containment."
149,Bathroom,1,Bio-filtration,0.9843,NORMAL,0.1203,HIGH_RISK,NEUTRAL,NORMAL,Bio-filtration,PROCEED_WITH_TREATMENT,APPROVED,False,WQ_HIGH_ECOLI|ANOMALY_CLEAN|MODEL_HIGH_CONFIDENCE|ROUTE_BIOFILTRATION|STORAGE_NORMAL|WEATHER_FAVORABLE,"Supervised model classified this Bathroom sample as Bio-filtration with 98.4% confidence. All independent safety, anomaly, meteorological, and storage checks were satisfied for operational dispatch."
150,Laundry,1,Bio-filtration,0.9807,NORMAL,0.105,HIGH_RISK,NEUTRAL,NORMAL,Bio-filtration,PROCEED_WITH_TREATMENT,APPROVED,False,WQ_EXTREME_PH|WQ_HIGH_COD|WQ_HIGH_BOD|WQ_HIGH_TURBIDITY|ANOMALY_CLEAN|MODEL_HIGH_CONFIDENCE|ROUTE_BIOFILTRATION|STORAGE_NORMAL|WEATHER_FAVORABLE,"Supervised model classified this Laundry sample as Bio-filtration with 98.1% confidence. All independent safety, anomaly, meteorological, and storage checks were satisfied for operational dispatch."
151,Laundry,0,Sewer Bypass,0.9574,NORMAL,0.0734,CRITICAL,NEUTRAL,NORMAL,Sewer Bypass,SAFETY_OVERRIDE,OVERRIDDEN,True,WQ_HIGH_ECOLI|WQ_HIGH_COD|WQ_HIGH_BOD|WQ_HIGH_TURBIDITY|WQ_HIGH_TSS|WQ_CRITICAL|ANOMALY_CLEAN|MODEL_HIGH_CONFIDENCE|ROUTE_SEWER|STORAGE_NORMAL|OVERRIDE_SAFETY_CRITICAL,"Critical water-quality or safety cutoff detected (CRITICAL). Although supervised model predicted Sewer Bypass (95.7% confidence), the safety layer overrode the decision and selected Sewer Bypass for hazard containment."
152,Bathroom,1,Bio-filtration,0.9729,NORMAL,0.1065,SAFE_FOR_MODEL_REVIEW,NEUTRAL,NORMAL,Bio-filtration,PROCEED_WITH_TREATMENT,APPROVED,False,WQ_ACCEPTABLE|ANOMALY_CLEAN|MODEL_HIGH_CONFIDENCE|ROUTE_BIOFILTRATION|STORAGE_NORMAL|WEATHER_FAVORABLE,"Supervised model classified this Bathroom sample as Bio-filtration with 97.3% confidence. All independent safety, anomaly, meteorological, and storage checks were satisfied for operational dispatch."
153,Laundry,1,Bio-filtration,0.98,NORMAL,0.1035,HIGH_RISK,NEUTRAL,NORMAL,Bio-filtration,PROCEED_WITH_TREATMENT,APPROVED,False,WQ_HIGH_COD|WQ_HIGH_BOD|WQ_HIGH_TURBIDITY|ANOMALY_CLEAN|MODEL_HIGH_CONFIDENCE|ROUTE_BIOFILTRATION|STORAGE_NORMAL|WEATHER_FAVORABLE,"Supervised model classified this Laundry sample as Bio-filtration with 98.0% confidence. All independent safety, anomaly, meteorological, and storage checks were satisfied for operational dispatch."
154,Kitchen,0,Sewer Bypass,0.9998,NORMAL,0.0637,CRITICAL,NEUTRAL,NORMAL,Sewer Bypass,SAFETY_OVERRIDE,OVERRIDDEN,True,WQ_HIGH_COD|WQ_HIGH_BOD|WQ_HIGH_TURBIDITY|WQ_HIGH_TSS|WQ_CRITICAL|ANOMALY_CLEAN|MODEL_HIGH_CONFIDENCE|ROUTE_SEWER|STORAGE_NORMAL|OVERRIDE_SAFETY_CRITICAL,"Critical water-quality or safety cutoff detected (CRITICAL). Although supervised model predicted Sewer Bypass (100.0% confidence), the safety layer overrode the decision and selected Sewer Bypass for hazard containment."
155,Bathroom,1,Bio-filtration,0.9755,NORMAL,0.0721,REVIEW_REQUIRED,NEUTRAL,NORMAL,Bio-filtration,PROCEED_WITH_TREATMENT,APPROVED,False,WQ_EXTREME_PH|ANOMALY_CLEAN|MODEL_HIGH_CONFIDENCE|ROUTE_BIOFILTRATION|STORAGE_NORMAL|WEATHER_FAVORABLE,"Supervised model classified this Bathroom sample as Bio-filtration with 97.5% confidence. All independent safety, anomaly, meteorological, and storage checks were satisfied for operational dispatch."
156,Laundry,0,Sewer Bypass,0.9981,NORMAL,0.0427,CRITICAL,NEUTRAL,NORMAL,Sewer Bypass,SAFETY_OVERRIDE,OVERRIDDEN,True,WQ_HIGH_COD|WQ_HIGH_BOD|WQ_HIGH_TURBIDITY|WQ_SEPTIC_RISK|WQ_CRITICAL|ANOMALY_CLEAN|MODEL_HIGH_CONFIDENCE|ROUTE_SEWER|STORAGE_NORMAL|OVERRIDE_SAFETY_CRITICAL,"Critical water-quality or safety cutoff detected (CRITICAL). Although supervised model predicted Sewer Bypass (99.8% confidence), the safety layer overrode the decision and selected Sewer Bypass for hazard containment."
157,Laundry,1,Bio-filtration,0.9115,NORMAL,0.1098,SAFE_FOR_MODEL_REVIEW,NEUTRAL,NORMAL,Bio-filtration,PROCEED_WITH_TREATMENT,APPROVED,False,WQ_ACCEPTABLE|ANOMALY_CLEAN|MODEL_HIGH_CONFIDENCE|ROUTE_BIOFILTRATION|STORAGE_NORMAL|WEATHER_FAVORABLE,"Supervised model classified this Laundry sample as Bio-filtration with 91.2% confidence. All independent safety, anomaly, meteorological, and storage checks were satisfied for operational dispatch."
158,Bathroom,2,Restricted Irrigation,0.9847,NORMAL,0.1344,SAFE_FOR_MODEL_REVIEW,FAVORABLE,NORMAL,Restricted Irrigation,ALLOW_ROUTE,APPROVED,False,WQ_ACCEPTABLE|ANOMALY_CLEAN|MODEL_HIGH_CONFIDENCE|ROUTE_IRRIGATION|STORAGE_NORMAL|WEATHER_FAVORABLE,"Supervised model classified this Bathroom sample as Restricted Irrigation with 98.5% confidence. All independent safety, anomaly, meteorological, and storage checks were satisfied for operational dispatch."
159,Bathroom,2,Restricted Irrigation,0.9859,NORMAL,0.102,SAFE_FOR_MODEL_REVIEW,FAVORABLE,NORMAL,Restricted Irrigation,ALLOW_ROUTE,APPROVED,False,WQ_ACCEPTABLE|ANOMALY_CLEAN|MODEL_HIGH_CONFIDENCE|ROUTE_IRRIGATION|STORAGE_NORMAL|WEATHER_FAVORABLE,"Supervised model classified this Bathroom sample as Restricted Irrigation with 98.6% confidence. All independent safety, anomaly, meteorological, and storage checks were satisfied for operational dispatch."
160,Bathroom,2,Restricted Irrigation,0.989,NORMAL,0.1253,SAFE_FOR_MODEL_REVIEW,FAVORABLE,NORMAL,Restricted Irrigation,ALLOW_ROUTE,APPROVED,False,WQ_ACCEPTABLE|ANOMALY_CLEAN|MODEL_HIGH_CONFIDENCE|ROUTE_IRRIGATION|STORAGE_NORMAL|WEATHER_FAVORABLE,"Supervised model classified this Bathroom sample as Restricted Irrigation with 98.9% confidence. All independent safety, anomaly, meteorological, and storage checks were satisfied for operational dispatch."
161,Kitchen,0,Sewer Bypass,0.9999,ANOMALY_DETECTED,-0.0177,CRITICAL,NEUTRAL,NORMAL,Sewer Bypass,SAFETY_OVERRIDE,OVERRIDDEN,True,WQ_HIGH_ECOLI|WQ_HIGH_COD|WQ_HIGH_BOD|WQ_HIGH_SALINITY|WQ_SEPTIC_RISK|WQ_CRITICAL|ANOMALY_DETECTED|MODEL_HIGH_CONFIDENCE|ROUTE_SEWER|STORAGE_NORMAL|OVERRIDE_SAFETY_CRITICAL,"Critical water-quality or safety cutoff detected (CRITICAL). Although supervised model predicted Sewer Bypass (100.0% confidence), the safety layer overrode the decision and selected Sewer Bypass for hazard containment."
162,Mixed,1,Bio-filtration,0.9993,NORMAL,0.0833,SAFE_FOR_MODEL_REVIEW,NEUTRAL,NORMAL,Bio-filtration,PROCEED_WITH_TREATMENT,APPROVED,False,WQ_ACCEPTABLE|ANOMALY_CLEAN|MODEL_HIGH_CONFIDENCE|ROUTE_BIOFILTRATION|STORAGE_NORMAL|WEATHER_FAVORABLE,"Supervised model classified this Mixed sample as Bio-filtration with 99.9% confidence. All independent safety, anomaly, meteorological, and storage checks were satisfied for operational dispatch."
163,Kitchen,0,Sewer Bypass,0.9842,NORMAL,0.0601,CRITICAL,NEUTRAL,NORMAL,Sewer Bypass,SAFETY_OVERRIDE,OVERRIDDEN,True,WQ_HIGH_ECOLI|WQ_HIGH_COD|WQ_HIGH_TURBIDITY|WQ_SEPTIC_RISK|WQ_CRITICAL|ANOMALY_CLEAN|MODEL_HIGH_CONFIDENCE|ROUTE_SEWER|STORAGE_NORMAL|OVERRIDE_SAFETY_CRITICAL,"Critical water-quality or safety cutoff detected (CRITICAL). Although supervised model predicted Sewer Bypass (98.4% confidence), the safety layer overrode the decision and selected Sewer Bypass for hazard containment."
164,Kitchen,0,Sewer Bypass,0.9998,NORMAL,0.0657,CRITICAL,NEUTRAL,NORMAL,Sewer Bypass,SAFETY_OVERRIDE,OVERRIDDEN,True,WQ_HIGH_ECOLI|WQ_HIGH_COD|WQ_HIGH_TURBIDITY|WQ_SEPTIC_RISK|WQ_CRITICAL|ANOMALY_CLEAN|MODEL_HIGH_CONFIDENCE|ROUTE_SEWER|STORAGE_NORMAL|OVERRIDE_SAFETY_CRITICAL,"Critical water-quality or safety cutoff detected (CRITICAL). Although supervised model predicted Sewer Bypass (100.0% confidence), the safety layer overrode the decision and selected Sewer Bypass for hazard containment."
165,Mixed,1,Bio-filtration,0.9992,NORMAL,0.0933,SAFE_FOR_MODEL_REVIEW,NEUTRAL,NORMAL,Bio-filtration,PROCEED_WITH_TREATMENT,APPROVED,False,WQ_ACCEPTABLE|ANOMALY_CLEAN|MODEL_HIGH_CONFIDENCE|ROUTE_BIOFILTRATION|STORAGE_NORMAL|WEATHER_FAVORABLE,"Supervised model classified this Mixed sample as Bio-filtration with 99.9% confidence. All independent safety, anomaly, meteorological, and storage checks were satisfied for operational dispatch."
166,Laundry,1,Bio-filtration,0.9382,NORMAL,0.0996,HIGH_RISK,NEUTRAL,NORMAL,Bio-filtration,PROCEED_WITH_TREATMENT,APPROVED,False,WQ_HIGH_ECOLI|WQ_HIGH_COD|WQ_HIGH_BOD|WQ_HIGH_TURBIDITY|ANOMALY_CLEAN|MODEL_HIGH_CONFIDENCE|ROUTE_BIOFILTRATION|STORAGE_NORMAL|WEATHER_FAVORABLE,"Supervised model classified this Laundry sample as Bio-filtration with 93.8% confidence. All independent safety, anomaly, meteorological, and storage checks were satisfied for operational dispatch."
167,Laundry,0,Sewer Bypass,0.8895,NORMAL,0.1109,HIGH_RISK,NEUTRAL,NORMAL,Sewer Bypass,DISCHARGE_TO_SEWER,APPROVED,False,WQ_HIGH_COD|WQ_HIGH_BOD|ANOMALY_CLEAN|MODEL_HIGH_CONFIDENCE|ROUTE_SEWER|STORAGE_NORMAL,"Supervised model classified this Laundry sample as Sewer Bypass with 88.9% confidence. All independent safety, anomaly, meteorological, and storage checks were satisfied for operational dispatch."
168,Bathroom,2,Restricted Irrigation,0.9929,NORMAL,0.1353,SAFE_FOR_MODEL_REVIEW,FAVORABLE,NORMAL,Restricted Irrigation,ALLOW_ROUTE,APPROVED,False,WQ_ACCEPTABLE|ANOMALY_CLEAN|MODEL_HIGH_CONFIDENCE|ROUTE_IRRIGATION|STORAGE_NORMAL|WEATHER_FAVORABLE,"Supervised model classified this Bathroom sample as Restricted Irrigation with 99.3% confidence. All independent safety, anomaly, meteorological, and storage checks were satisfied for operational dispatch."
169,Bathroom,2,Restricted Irrigation,0.9932,NORMAL,0.1301,SAFE_FOR_MODEL_REVIEW,FAVORABLE,NORMAL,Restricted Irrigation,ALLOW_ROUTE,APPROVED,False,WQ_ACCEPTABLE|ANOMALY_CLEAN|MODEL_HIGH_CONFIDENCE|ROUTE_IRRIGATION|STORAGE_NORMAL|WEATHER_FAVORABLE,"Supervised model classified this Bathroom sample as Restricted Irrigation with 99.3% confidence. All independent safety, anomaly, meteorological, and storage checks were satisfied for operational dispatch."
170,Mixed,1,Bio-filtration,0.9674,NORMAL,0.1071,SAFE_FOR_MODEL_REVIEW,NEUTRAL,NORMAL,Bio-filtration,PROCEED_WITH_TREATMENT,APPROVED,False,WQ_ACCEPTABLE|ANOMALY_CLEAN|MODEL_HIGH_CONFIDENCE|ROUTE_BIOFILTRATION|STORAGE_NORMAL|WEATHER_FAVORABLE,"Supervised model classified this Mixed sample as Bio-filtration with 96.7% confidence. All independent safety, anomaly, meteorological, and storage checks were satisfied for operational dispatch."
171,Laundry,0,Sewer Bypass,0.9998,NORMAL,0.0994,CRITICAL,NEUTRAL,NORMAL,Sewer Bypass,SAFETY_OVERRIDE,OVERRIDDEN,True,WQ_HIGH_ECOLI|WQ_HIGH_COD|WQ_HIGH_BOD|WQ_HIGH_TURBIDITY|WQ_SEPTIC_RISK|WQ_CRITICAL|ANOMALY_CLEAN|MODEL_HIGH_CONFIDENCE|ROUTE_SEWER|STORAGE_NORMAL|OVERRIDE_SAFETY_CRITICAL,"Critical water-quality or safety cutoff detected (CRITICAL). Although supervised model predicted Sewer Bypass (100.0% confidence), the safety layer overrode the decision and selected Sewer Bypass for hazard containment."
172,Laundry,1,Bio-filtration,0.9499,NORMAL,0.0572,CRITICAL,NEUTRAL,NORMAL,Sewer Bypass,SAFETY_OVERRIDE,OVERRIDDEN,True,WQ_HIGH_ECOLI|WQ_HIGH_COD|WQ_HIGH_BOD|WQ_HIGH_TURBIDITY|WQ_CRITICAL|ANOMALY_CLEAN|MODEL_HIGH_CONFIDENCE|ROUTE_BIOFILTRATION|STORAGE_NORMAL|WEATHER_FAVORABLE|OVERRIDE_SAFETY_CRITICAL,"Critical water-quality or safety cutoff detected (CRITICAL). Although supervised model predicted Bio-filtration (95.0% confidence), the safety layer overrode the decision and selected Sewer Bypass for hazard containment."
173,Laundry,0,Sewer Bypass,0.9519,NORMAL,0.0657,CRITICAL,NEUTRAL,NORMAL,Sewer Bypass,SAFETY_OVERRIDE,OVERRIDDEN,True,WQ_HIGH_TURBIDITY|WQ_HIGH_TSS|WQ_CRITICAL|ANOMALY_CLEAN|MODEL_HIGH_CONFIDENCE|ROUTE_SEWER|STORAGE_NORMAL|OVERRIDE_SAFETY_CRITICAL,"Critical water-quality or safety cutoff detected (CRITICAL). Although supervised model predicted Sewer Bypass (95.2% confidence), the safety layer overrode the decision and selected Sewer Bypass for hazard containment."
174,Bathroom,2,Restricted Irrigation,0.992,NORMAL,0.0919,SAFE_FOR_MODEL_REVIEW,FAVORABLE,NORMAL,Restricted Irrigation,ALLOW_ROUTE,APPROVED,False,WQ_ACCEPTABLE|ANOMALY_CLEAN|MODEL_HIGH_CONFIDENCE|ROUTE_IRRIGATION|STORAGE_NORMAL|WEATHER_FAVORABLE,"Supervised model classified this Bathroom sample as Restricted Irrigation with 99.2% confidence. All independent safety, anomaly, meteorological, and storage checks were satisfied for operational dispatch."
175,Mixed,1,Bio-filtration,0.9349,NORMAL,0.1095,REVIEW_REQUIRED,NEUTRAL,NORMAL,Bio-filtration,PROCEED_WITH_TREATMENT,APPROVED,False,WQ_HIGH_TURBIDITY|ANOMALY_CLEAN|MODEL_HIGH_CONFIDENCE|ROUTE_BIOFILTRATION|STORAGE_NORMAL|WEATHER_FAVORABLE,"Supervised model classified this Mixed sample as Bio-filtration with 93.5% confidence. All independent safety, anomaly, meteorological, and storage checks were satisfied for operational dispatch."
176,Mixed,0,Sewer Bypass,0.9805,NORMAL,0.0799,CRITICAL,NEUTRAL,NORMAL,Sewer Bypass,SAFETY_OVERRIDE,OVERRIDDEN,True,WQ_HIGH_ECOLI|WQ_HIGH_TURBIDITY|WQ_HIGH_TSS|WQ_CRITICAL|ANOMALY_CLEAN|MODEL_HIGH_CONFIDENCE|ROUTE_SEWER|STORAGE_NORMAL|OVERRIDE_SAFETY_CRITICAL,"Critical water-quality or safety cutoff detected (CRITICAL). Although supervised model predicted Sewer Bypass (98.0% confidence), the safety layer overrode the decision and selected Sewer Bypass for hazard containment."
177,Laundry,1,Bio-filtration,0.9933,NORMAL,0.1359,REVIEW_REQUIRED,NEUTRAL,NORMAL,Bio-filtration,PROCEED_WITH_TREATMENT,APPROVED,False,WQ_HIGH_TURBIDITY|ANOMALY_CLEAN|MODEL_HIGH_CONFIDENCE|ROUTE_BIOFILTRATION|STORAGE_NORMAL|WEATHER_FAVORABLE,"Supervised model classified this Laundry sample as Bio-filtration with 99.3% confidence. All independent safety, anomaly, meteorological, and storage checks were satisfied for operational dispatch."
178,Bathroom,1,Bio-filtration,0.9919,NORMAL,0.1199,SAFE_FOR_MODEL_REVIEW,NEUTRAL,NORMAL,Bio-filtration,PROCEED_WITH_TREATMENT,APPROVED,False,WQ_ACCEPTABLE|ANOMALY_CLEAN|MODEL_HIGH_CONFIDENCE|ROUTE_BIOFILTRATION|STORAGE_NORMAL|WEATHER_FAVORABLE,"Supervised model classified this Bathroom sample as Bio-filtration with 99.2% confidence. All independent safety, anomaly, meteorological, and storage checks were satisfied for operational dispatch."
179,Bathroom,2,Restricted Irrigation,0.9887,NORMAL,0.1488,SAFE_FOR_MODEL_REVIEW,FAVORABLE,NORMAL,Restricted Irrigation,ALLOW_ROUTE,APPROVED,False,WQ_ACCEPTABLE|ANOMALY_CLEAN|MODEL_HIGH_CONFIDENCE|ROUTE_IRRIGATION|STORAGE_NORMAL|WEATHER_FAVORABLE,"Supervised model classified this Bathroom sample as Restricted Irrigation with 98.9% confidence. All independent safety, anomaly, meteorological, and storage checks were satisfied for operational dispatch."
180,Laundry,1,Bio-filtration,0.8423,NORMAL,0.1043,HIGH_RISK,NEUTRAL,NORMAL,Bio-filtration,PROCEED_WITH_TREATMENT,APPROVED,False,WQ_HIGH_ECOLI|WQ_HIGH_COD|WQ_HIGH_TURBIDITY|ANOMALY_CLEAN|MODEL_HIGH_CONFIDENCE|ROUTE_BIOFILTRATION|STORAGE_NORMAL|WEATHER_FAVORABLE,"Supervised model classified this Laundry sample as Bio-filtration with 84.2% confidence. All independent safety, anomaly, meteorological, and storage checks were satisfied for operational dispatch."
181,Bathroom,2,Restricted Irrigation,0.9823,NORMAL,0.1056,SAFE_FOR_MODEL_REVIEW,FAVORABLE,NORMAL,Restricted Irrigation,ALLOW_ROUTE,APPROVED,False,WQ_ACCEPTABLE|ANOMALY_CLEAN|MODEL_HIGH_CONFIDENCE|ROUTE_IRRIGATION|STORAGE_NORMAL|WEATHER_FAVORABLE,"Supervised model classified this Bathroom sample as Restricted Irrigation with 98.2% confidence. All independent safety, anomaly, meteorological, and storage checks were satisfied for operational dispatch."
182,Bathroom,2,Restricted Irrigation,0.9831,NORMAL,0.0878,SAFE_FOR_MODEL_REVIEW,FAVORABLE,NORMAL,Restricted Irrigation,ALLOW_ROUTE,APPROVED,False,WQ_ACCEPTABLE|ANOMALY_CLEAN|MODEL_HIGH_CONFIDENCE|ROUTE_IRRIGATION|STORAGE_NORMAL|WEATHER_FAVORABLE,"Supervised model classified this Bathroom sample as Restricted Irrigation with 98.3% confidence. All independent safety, anomaly, meteorological, and storage checks were satisfied for operational dispatch."
183,Laundry,0,Sewer Bypass,0.5438,NORMAL,0.0956,CRITICAL,NEUTRAL,NORMAL,Sewer Bypass,SAFETY_OVERRIDE,OVERRIDDEN,True,WQ_HIGH_TURBIDITY|WQ_CRITICAL|ANOMALY_CLEAN|MODEL_LOW_CONFIDENCE|ROUTE_SEWER|STORAGE_NORMAL|OVERRIDE_SAFETY_CRITICAL,"Critical water-quality or safety cutoff detected (CRITICAL). Although supervised model predicted Sewer Bypass (54.4% confidence), the safety layer overrode the decision and selected Sewer Bypass for hazard containment."
184,Laundry,0,Sewer Bypass,0.9995,NORMAL,0.0636,CRITICAL,NEUTRAL,NORMAL,Sewer Bypass,SAFETY_OVERRIDE,OVERRIDDEN,True,WQ_HIGH_COD|WQ_HIGH_TURBIDITY|WQ_HIGH_TSS|WQ_CRITICAL|ANOMALY_CLEAN|MODEL_HIGH_CONFIDENCE|ROUTE_SEWER|STORAGE_NORMAL|OVERRIDE_SAFETY_CRITICAL,"Critical water-quality or safety cutoff detected (CRITICAL). Although supervised model predicted Sewer Bypass (99.9% confidence), the safety layer overrode the decision and selected Sewer Bypass for hazard containment."
185,Laundry,1,Bio-filtration,0.9957,NORMAL,0.1124,HIGH_RISK,NEUTRAL,NORMAL,Bio-filtration,PROCEED_WITH_TREATMENT,APPROVED,False,WQ_HIGH_BOD|WQ_HIGH_TURBIDITY|ANOMALY_CLEAN|MODEL_HIGH_CONFIDENCE|ROUTE_BIOFILTRATION|STORAGE_NORMAL|WEATHER_FAVORABLE,"Supervised model classified this Laundry sample as Bio-filtration with 99.6% confidence. All independent safety, anomaly, meteorological, and storage checks were satisfied for operational dispatch."
186,Laundry,0,Sewer Bypass,0.9877,NORMAL,0.0929,CRITICAL,NEUTRAL,NORMAL,Sewer Bypass,SAFETY_OVERRIDE,OVERRIDDEN,True,WQ_HIGH_COD|WQ_SEPTIC_RISK|WQ_CRITICAL|ANOMALY_CLEAN|MODEL_HIGH_CONFIDENCE|ROUTE_SEWER|STORAGE_NORMAL|OVERRIDE_SAFETY_CRITICAL,"Critical water-quality or safety cutoff detected (CRITICAL). Although supervised model predicted Sewer Bypass (98.8% confidence), the safety layer overrode the decision and selected Sewer Bypass for hazard containment."
187,Mixed,1,Bio-filtration,0.99,NORMAL,0.0961,SAFE_FOR_MODEL_REVIEW,NEUTRAL,NORMAL,Bio-filtration,PROCEED_WITH_TREATMENT,APPROVED,False,WQ_ACCEPTABLE|ANOMALY_CLEAN|MODEL_HIGH_CONFIDENCE|ROUTE_BIOFILTRATION|STORAGE_NORMAL|WEATHER_FAVORABLE,"Supervised model classified this Mixed sample as Bio-filtration with 99.0% confidence. All independent safety, anomaly, meteorological, and storage checks were satisfied for operational dispatch."
188,Bathroom,2,Restricted Irrigation,0.9889,NORMAL,0.1322,SAFE_FOR_MODEL_REVIEW,FAVORABLE,NORMAL,Restricted Irrigation,ALLOW_ROUTE,APPROVED,False,WQ_ACCEPTABLE|ANOMALY_CLEAN|MODEL_HIGH_CONFIDENCE|ROUTE_IRRIGATION|STORAGE_NORMAL|WEATHER_FAVORABLE,"Supervised model classified this Bathroom sample as Restricted Irrigation with 98.9% confidence. All independent safety, anomaly, meteorological, and storage checks were satisfied for operational dispatch."
189,Bathroom,2,Restricted Irrigation,0.9828,NORMAL,0.0748,SAFE_FOR_MODEL_REVIEW,FAVORABLE,NORMAL,Restricted Irrigation,ALLOW_ROUTE,APPROVED,False,WQ_ACCEPTABLE|ANOMALY_CLEAN|MODEL_HIGH_CONFIDENCE|ROUTE_IRRIGATION|STORAGE_NORMAL|WEATHER_FAVORABLE,"Supervised model classified this Bathroom sample as Restricted Irrigation with 98.3% confidence. All independent safety, anomaly, meteorological, and storage checks were satisfied for operational dispatch."
190,Laundry,1,Bio-filtration,0.9963,NORMAL,0.1391,SAFE_FOR_MODEL_REVIEW,NEUTRAL,NORMAL,Bio-filtration,PROCEED_WITH_TREATMENT,APPROVED,False,WQ_ACCEPTABLE|ANOMALY_CLEAN|MODEL_HIGH_CONFIDENCE|ROUTE_BIOFILTRATION|STORAGE_NORMAL|WEATHER_FAVORABLE,"Supervised model classified this Laundry sample as Bio-filtration with 99.6% confidence. All independent safety, anomaly, meteorological, and storage checks were satisfied for operational dispatch."
191,Kitchen,0,Sewer Bypass,0.9935,NORMAL,0.0477,CRITICAL,NEUTRAL,NORMAL,Sewer Bypass,SAFETY_OVERRIDE,OVERRIDDEN,True,WQ_HIGH_ECOLI|WQ_HIGH_COD|WQ_HIGH_BOD|WQ_HIGH_TURBIDITY|WQ_SEPTIC_RISK|WQ_CRITICAL|ANOMALY_CLEAN|MODEL_HIGH_CONFIDENCE|ROUTE_SEWER|STORAGE_NORMAL|OVERRIDE_SAFETY_CRITICAL,"Critical water-quality or safety cutoff detected (CRITICAL). Although supervised model predicted Sewer Bypass (99.3% confidence), the safety layer overrode the decision and selected Sewer Bypass for hazard containment."
192,Laundry,0,Sewer Bypass,0.9928,NORMAL,0.111,CRITICAL,NEUTRAL,NORMAL,Sewer Bypass,SAFETY_OVERRIDE,OVERRIDDEN,True,WQ_HIGH_COD|WQ_HIGH_TURBIDITY|WQ_SEPTIC_RISK|WQ_CRITICAL|ANOMALY_CLEAN|MODEL_HIGH_CONFIDENCE|ROUTE_SEWER|STORAGE_NORMAL|OVERRIDE_SAFETY_CRITICAL,"Critical water-quality or safety cutoff detected (CRITICAL). Although supervised model predicted Sewer Bypass (99.3% confidence), the safety layer overrode the decision and selected Sewer Bypass for hazard containment."
193,Bathroom,1,Bio-filtration,0.9928,NORMAL,0.1353,SAFE_FOR_MODEL_REVIEW,NEUTRAL,NORMAL,Bio-filtration,PROCEED_WITH_TREATMENT,APPROVED,False,WQ_ACCEPTABLE|ANOMALY_CLEAN|MODEL_HIGH_CONFIDENCE|ROUTE_BIOFILTRATION|STORAGE_NORMAL|WEATHER_FAVORABLE,"Supervised model classified this Bathroom sample as Bio-filtration with 99.3% confidence. All independent safety, anomaly, meteorological, and storage checks were satisfied for operational dispatch."
194,Laundry,0,Sewer Bypass,0.9999,NORMAL,0.0661,CRITICAL,NEUTRAL,NORMAL,Sewer Bypass,SAFETY_OVERRIDE,OVERRIDDEN,True,WQ_HIGH_ECOLI|WQ_HIGH_COD|WQ_HIGH_BOD|WQ_HIGH_TURBIDITY|WQ_SEPTIC_RISK|WQ_CRITICAL|ANOMALY_CLEAN|MODEL_HIGH_CONFIDENCE|ROUTE_SEWER|STORAGE_NORMAL|OVERRIDE_SAFETY_CRITICAL,"Critical water-quality or safety cutoff detected (CRITICAL). Although supervised model predicted Sewer Bypass (100.0% confidence), the safety layer overrode the decision and selected Sewer Bypass for hazard containment."
195,Kitchen,0,Sewer Bypass,0.9998,NORMAL,0.0202,CRITICAL,NEUTRAL,NORMAL,Sewer Bypass,SAFETY_OVERRIDE,OVERRIDDEN,True,WQ_HIGH_ECOLI|WQ_HIGH_COD|WQ_HIGH_BOD|WQ_HIGH_TURBIDITY|WQ_SEPTIC_RISK|WQ_CRITICAL|ANOMALY_CLEAN|MODEL_HIGH_CONFIDENCE|ROUTE_SEWER|STORAGE_NORMAL|OVERRIDE_SAFETY_CRITICAL,"Critical water-quality or safety cutoff detected (CRITICAL). Although supervised model predicted Sewer Bypass (100.0% confidence), the safety layer overrode the decision and selected Sewer Bypass for hazard containment."
196,Bathroom,1,Bio-filtration,0.9709,NORMAL,0.1313,SAFE_FOR_MODEL_REVIEW,NEUTRAL,NORMAL,Bio-filtration,PROCEED_WITH_TREATMENT,APPROVED,False,WQ_ACCEPTABLE|ANOMALY_CLEAN|MODEL_HIGH_CONFIDENCE|ROUTE_BIOFILTRATION|STORAGE_NORMAL|WEATHER_FAVORABLE,"Supervised model classified this Bathroom sample as Bio-filtration with 97.1% confidence. All independent safety, anomaly, meteorological, and storage checks were satisfied for operational dispatch."
197,Mixed,1,Bio-filtration,0.8697,NORMAL,0.1097,SAFE_FOR_MODEL_REVIEW,NEUTRAL,NORMAL,Bio-filtration,PROCEED_WITH_TREATMENT,APPROVED,False,WQ_ACCEPTABLE|ANOMALY_CLEAN|MODEL_HIGH_CONFIDENCE|ROUTE_BIOFILTRATION|STORAGE_NORMAL|WEATHER_FAVORABLE,"Supervised model classified this Mixed sample as Bio-filtration with 87.0% confidence. All independent safety, anomaly, meteorological, and storage checks were satisfied for operational dispatch."
198,Bathroom,2,Restricted Irrigation,0.9443,NORMAL,0.1391,SAFE_FOR_MODEL_REVIEW,FAVORABLE,NORMAL,Restricted Irrigation,ALLOW_ROUTE,APPROVED,False,WQ_ACCEPTABLE|ANOMALY_CLEAN|MODEL_HIGH_CONFIDENCE|ROUTE_IRRIGATION|STORAGE_NORMAL|WEATHER_FAVORABLE,"Supervised model classified this Bathroom sample as Restricted Irrigation with 94.4% confidence. All independent safety, anomaly, meteorological, and storage checks were satisfied for operational dispatch."
199,Bathroom,2,Restricted Irrigation,0.9635,NORMAL,0.1423,SAFE_FOR_MODEL_REVIEW,FAVORABLE,NORMAL,Restricted Irrigation,ALLOW_ROUTE,APPROVED,False,WQ_ACCEPTABLE|ANOMALY_CLEAN|MODEL_HIGH_CONFIDENCE|ROUTE_IRRIGATION|STORAGE_NORMAL|WEATHER_FAVORABLE,"Supervised model classified this Bathroom sample as Restricted Irrigation with 96.4% confidence. All independent safety, anomaly, meteorological, and storage checks were satisfied for operational dispatch."
200,Mixed,1,Bio-filtration,0.9991,NORMAL,0.1274,HIGH_RISK,NEUTRAL,NORMAL,Bio-filtration,PROCEED_WITH_TREATMENT,APPROVED,False,WQ_HIGH_BOD|WQ_HIGH_TURBIDITY|ANOMALY_CLEAN|MODEL_HIGH_CONFIDENCE|ROUTE_BIOFILTRATION|STORAGE_NORMAL|WEATHER_FAVORABLE,"Supervised model classified this Mixed sample as Bio-filtration with 99.9% confidence. All independent safety, anomaly, meteorological, and storage checks were satisfied for operational dispatch."
201,Kitchen,0,Sewer Bypass,0.9999,NORMAL,0.0403,CRITICAL,NEUTRAL,NORMAL,Sewer Bypass,SAFETY_OVERRIDE,OVERRIDDEN,True,WQ_HIGH_COD|WQ_HIGH_BOD|WQ_SEPTIC_RISK|WQ_CRITICAL|ANOMALY_CLEAN|MODEL_HIGH_CONFIDENCE|ROUTE_SEWER|STORAGE_NORMAL|OVERRIDE_SAFETY_CRITICAL,"Critical water-quality or safety cutoff detected (CRITICAL). Although supervised model predicted Sewer Bypass (100.0% confidence), the safety layer overrode the decision and selected Sewer Bypass for hazard containment."
202,Mixed,1,Bio-filtration,0.9988,NORMAL,0.0652,SAFE_FOR_MODEL_REVIEW,NEUTRAL,NORMAL,Bio-filtration,PROCEED_WITH_TREATMENT,APPROVED,False,WQ_ACCEPTABLE|ANOMALY_CLEAN|MODEL_HIGH_CONFIDENCE|ROUTE_BIOFILTRATION|STORAGE_NORMAL|WEATHER_FAVORABLE,"Supervised model classified this Mixed sample as Bio-filtration with 99.9% confidence. All independent safety, anomaly, meteorological, and storage checks were satisfied for operational dispatch."
203,Bathroom,2,Restricted Irrigation,0.9887,NORMAL,0.1301,SAFE_FOR_MODEL_REVIEW,FAVORABLE,NORMAL,Restricted Irrigation,ALLOW_ROUTE,APPROVED,False,WQ_ACCEPTABLE|ANOMALY_CLEAN|MODEL_HIGH_CONFIDENCE|ROUTE_IRRIGATION|STORAGE_NORMAL|WEATHER_FAVORABLE,"Supervised model classified this Bathroom sample as Restricted Irrigation with 98.9% confidence. All independent safety, anomaly, meteorological, and storage checks were satisfied for operational dispatch."
204,Kitchen,0,Sewer Bypass,0.9922,NORMAL,0.0444,CRITICAL,NEUTRAL,NORMAL,Sewer Bypass,SAFETY_OVERRIDE,OVERRIDDEN,True,WQ_HIGH_COD|WQ_HIGH_BOD|WQ_CRITICAL|ANOMALY_CLEAN|MODEL_HIGH_CONFIDENCE|ROUTE_SEWER|STORAGE_NORMAL|OVERRIDE_SAFETY_CRITICAL,"Critical water-quality or safety cutoff detected (CRITICAL). Although supervised model predicted Sewer Bypass (99.2% confidence), the safety layer overrode the decision and selected Sewer Bypass for hazard containment."
205,Laundry,0,Sewer Bypass,0.9665,NORMAL,0.0932,CRITICAL,NEUTRAL,NORMAL,Sewer Bypass,SAFETY_OVERRIDE,OVERRIDDEN,True,WQ_HIGH_COD|WQ_HIGH_BOD|WQ_HIGH_TURBIDITY|WQ_CRITICAL|ANOMALY_CLEAN|MODEL_HIGH_CONFIDENCE|ROUTE_SEWER|STORAGE_NORMAL|OVERRIDE_SAFETY_CRITICAL,"Critical water-quality or safety cutoff detected (CRITICAL). Although supervised model predicted Sewer Bypass (96.6% confidence), the safety layer overrode the decision and selected Sewer Bypass for hazard containment."
206,Laundry,1,Bio-filtration,0.9972,NORMAL,0.124,HIGH_RISK,NEUTRAL,NORMAL,Bio-filtration,PROCEED_WITH_TREATMENT,APPROVED,False,WQ_HIGH_BOD|ANOMALY_CLEAN|MODEL_HIGH_CONFIDENCE|ROUTE_BIOFILTRATION|STORAGE_NORMAL|WEATHER_FAVORABLE,"Supervised model classified this Laundry sample as Bio-filtration with 99.7% confidence. All independent safety, anomaly, meteorological, and storage checks were satisfied for operational dispatch."
207,Bathroom,1,Bio-filtration,0.9654,NORMAL,0.127,SAFE_FOR_MODEL_REVIEW,NEUTRAL,NORMAL,Bio-filtration,PROCEED_WITH_TREATMENT,APPROVED,False,WQ_ACCEPTABLE|ANOMALY_CLEAN|MODEL_HIGH_CONFIDENCE|ROUTE_BIOFILTRATION|STORAGE_NORMAL|WEATHER_FAVORABLE,"Supervised model classified this Bathroom sample as Bio-filtration with 96.5% confidence. All independent safety, anomaly, meteorological, and storage checks were satisfied for operational dispatch."
208,Mixed,1,Bio-filtration,0.9992,NORMAL,0.1064,SAFE_FOR_MODEL_REVIEW,NEUTRAL,NORMAL,Bio-filtration,PROCEED_WITH_TREATMENT,APPROVED,False,WQ_ACCEPTABLE|ANOMALY_CLEAN|MODEL_HIGH_CONFIDENCE|ROUTE_BIOFILTRATION|STORAGE_NORMAL|WEATHER_FAVORABLE,"Supervised model classified this Mixed sample as Bio-filtration with 99.9% confidence. All independent safety, anomaly, meteorological, and storage checks were satisfied for operational dispatch."
209,Laundry,1,Bio-filtration,0.9395,NORMAL,0.1185,HIGH_RISK,NEUTRAL,NORMAL,Bio-filtration,PROCEED_WITH_TREATMENT,APPROVED,False,WQ_HIGH_COD|WQ_HIGH_BOD|ANOMALY_CLEAN|MODEL_HIGH_CONFIDENCE|ROUTE_BIOFILTRATION|STORAGE_NORMAL|WEATHER_FAVORABLE,"Supervised model classified this Laundry sample as Bio-filtration with 93.9% confidence. All independent safety, anomaly, meteorological, and storage checks were satisfied for operational dispatch."
210,Bathroom,1,Bio-filtration,0.9756,NORMAL,0.0958,HIGH_RISK,NEUTRAL,NORMAL,Bio-filtration,PROCEED_WITH_TREATMENT,APPROVED,False,WQ_HIGH_ECOLI|ANOMALY_CLEAN|MODEL_HIGH_CONFIDENCE|ROUTE_BIOFILTRATION|STORAGE_NORMAL|WEATHER_FAVORABLE,"Supervised model classified this Bathroom sample as Bio-filtration with 97.6% confidence. All independent safety, anomaly, meteorological, and storage checks were satisfied for operational dispatch."
211,Mixed,1,Bio-filtration,0.9988,NORMAL,0.1129,REVIEW_REQUIRED,NEUTRAL,NORMAL,Bio-filtration,PROCEED_WITH_TREATMENT,APPROVED,False,WQ_HIGH_TURBIDITY|ANOMALY_CLEAN|MODEL_HIGH_CONFIDENCE|ROUTE_BIOFILTRATION|STORAGE_NORMAL|WEATHER_FAVORABLE,"Supervised model classified this Mixed sample as Bio-filtration with 99.9% confidence. All independent safety, anomaly, meteorological, and storage checks were satisfied for operational dispatch."
212,Mixed,1,Bio-filtration,0.9992,NORMAL,0.1463,SAFE_FOR_MODEL_REVIEW,NEUTRAL,NORMAL,Bio-filtration,PROCEED_WITH_TREATMENT,APPROVED,False,WQ_ACCEPTABLE|ANOMALY_CLEAN|MODEL_HIGH_CONFIDENCE|ROUTE_BIOFILTRATION|STORAGE_NORMAL|WEATHER_FAVORABLE,"Supervised model classified this Mixed sample as Bio-filtration with 99.9% confidence. All independent safety, anomaly, meteorological, and storage checks were satisfied for operational dispatch."
213,Bathroom,2,Restricted Irrigation,0.9774,NORMAL,0.129,SAFE_FOR_MODEL_REVIEW,FAVORABLE,NORMAL,Restricted Irrigation,ALLOW_ROUTE,APPROVED,False,WQ_ACCEPTABLE|ANOMALY_CLEAN|MODEL_HIGH_CONFIDENCE|ROUTE_IRRIGATION|STORAGE_NORMAL|WEATHER_FAVORABLE,"Supervised model classified this Bathroom sample as Restricted Irrigation with 97.7% confidence. All independent safety, anomaly, meteorological, and storage checks were satisfied for operational dispatch."
214,Bathroom,1,Bio-filtration,0.9689,NORMAL,0.1225,HIGH_RISK,NEUTRAL,NORMAL,Bio-filtration,PROCEED_WITH_TREATMENT,APPROVED,False,WQ_HIGH_ECOLI|ANOMALY_CLEAN|MODEL_HIGH_CONFIDENCE|ROUTE_BIOFILTRATION|STORAGE_NORMAL|WEATHER_FAVORABLE,"Supervised model classified this Bathroom sample as Bio-filtration with 96.9% confidence. All independent safety, anomaly, meteorological, and storage checks were satisfied for operational dispatch."
215,Bathroom,2,Restricted Irrigation,0.986,NORMAL,0.1403,SAFE_FOR_MODEL_REVIEW,FAVORABLE,NORMAL,Restricted Irrigation,ALLOW_ROUTE,APPROVED,False,WQ_ACCEPTABLE|ANOMALY_CLEAN|MODEL_HIGH_CONFIDENCE|ROUTE_IRRIGATION|STORAGE_NORMAL|WEATHER_FAVORABLE,"Supervised model classified this Bathroom sample as Restricted Irrigation with 98.6% confidence. All independent safety, anomaly, meteorological, and storage checks were satisfied for operational dispatch."
216,Laundry,1,Bio-filtration,0.9722,NORMAL,0.1021,HIGH_RISK,NEUTRAL,NORMAL,Bio-filtration,PROCEED_WITH_TREATMENT,APPROVED,False,WQ_HIGH_ECOLI|WQ_HIGH_COD|WQ_HIGH_BOD|WQ_HIGH_TURBIDITY|ANOMALY_CLEAN|MODEL_HIGH_CONFIDENCE|ROUTE_BIOFILTRATION|STORAGE_NORMAL|WEATHER_FAVORABLE,"Supervised model classified this Laundry sample as Bio-filtration with 97.2% confidence. All independent safety, anomaly, meteorological, and storage checks were satisfied for operational dispatch."
217,Bathroom,2,Restricted Irrigation,0.8175,NORMAL,0.076,SAFE_FOR_MODEL_REVIEW,FAVORABLE,NORMAL,Restricted Irrigation,ALLOW_ROUTE,APPROVED,False,WQ_ACCEPTABLE|ANOMALY_CLEAN|MODEL_HIGH_CONFIDENCE|ROUTE_IRRIGATION|STORAGE_NORMAL|WEATHER_FAVORABLE,"Supervised model classified this Bathroom sample as Restricted Irrigation with 81.7% confidence. All independent safety, anomaly, meteorological, and storage checks were satisfied for operational dispatch."
218,Kitchen,0,Sewer Bypass,0.9152,NORMAL,0.0412,CRITICAL,NEUTRAL,NORMAL,Sewer Bypass,SAFETY_OVERRIDE,OVERRIDDEN,True,WQ_HIGH_ECOLI|WQ_HIGH_COD|WQ_HIGH_BOD|WQ_HIGH_TURBIDITY|WQ_CRITICAL|ANOMALY_CLEAN|MODEL_HIGH_CONFIDENCE|ROUTE_SEWER|STORAGE_NORMAL|OVERRIDE_SAFETY_CRITICAL,"Critical water-quality or safety cutoff detected (CRITICAL). Although supervised model predicted Sewer Bypass (91.5% confidence), the safety layer overrode the decision and selected Sewer Bypass for hazard containment."
219,Bathroom,2,Restricted Irrigation,0.9865,NORMAL,0.096,SAFE_FOR_MODEL_REVIEW,FAVORABLE,NORMAL,Restricted Irrigation,ALLOW_ROUTE,APPROVED,False,WQ_ACCEPTABLE|ANOMALY_CLEAN|MODEL_HIGH_CONFIDENCE|ROUTE_IRRIGATION|STORAGE_NORMAL|WEATHER_FAVORABLE,"Supervised model classified this Bathroom sample as Restricted Irrigation with 98.6% confidence. All independent safety, anomaly, meteorological, and storage checks were satisfied for operational dispatch."
220,Laundry,1,Bio-filtration,0.9677,NORMAL,0.0799,HIGH_RISK,NEUTRAL,NORMAL,Bio-filtration,PROCEED_WITH_TREATMENT,APPROVED,False,WQ_HIGH_ECOLI|WQ_EXTREME_PH|WQ_HIGH_COD|WQ_HIGH_BOD|WQ_HIGH_TURBIDITY|ANOMALY_CLEAN|MODEL_HIGH_CONFIDENCE|ROUTE_BIOFILTRATION|STORAGE_NORMAL|WEATHER_FAVORABLE,"Supervised model classified this Laundry sample as Bio-filtration with 96.8% confidence. All independent safety, anomaly, meteorological, and storage checks were satisfied for operational dispatch."
221,Mixed,1,Bio-filtration,0.9995,NORMAL,0.1256,SAFE_FOR_MODEL_REVIEW,NEUTRAL,NORMAL,Bio-filtration,PROCEED_WITH_TREATMENT,APPROVED,False,WQ_ACCEPTABLE|ANOMALY_CLEAN|MODEL_HIGH_CONFIDENCE|ROUTE_BIOFILTRATION|STORAGE_NORMAL|WEATHER_FAVORABLE,"Supervised model classified this Mixed sample as Bio-filtration with 99.9% confidence. All independent safety, anomaly, meteorological, and storage checks were satisfied for operational dispatch."
222,Kitchen,0,Sewer Bypass,0.9957,NORMAL,0.0166,CRITICAL,NEUTRAL,NORMAL,Sewer Bypass,SAFETY_OVERRIDE,OVERRIDDEN,True,WQ_HIGH_ECOLI|WQ_HIGH_COD|WQ_HIGH_BOD|WQ_HIGH_TURBIDITY|WQ_HIGH_TDS|WQ_CRITICAL|ANOMALY_CLEAN|MODEL_HIGH_CONFIDENCE|ROUTE_SEWER|STORAGE_NORMAL|OVERRIDE_SAFETY_CRITICAL,"Critical water-quality or safety cutoff detected (CRITICAL). Although supervised model predicted Sewer Bypass (99.6% confidence), the safety layer overrode the decision and selected Sewer Bypass for hazard containment."
223,Laundry,1,Bio-filtration,0.9949,NORMAL,0.1092,REVIEW_REQUIRED,NEUTRAL,NORMAL,Bio-filtration,PROCEED_WITH_TREATMENT,APPROVED,False,WQ_HIGH_TURBIDITY|ANOMALY_CLEAN|MODEL_HIGH_CONFIDENCE|ROUTE_BIOFILTRATION|STORAGE_NORMAL|WEATHER_FAVORABLE,"Supervised model classified this Laundry sample as Bio-filtration with 99.5% confidence. All independent safety, anomaly, meteorological, and storage checks were satisfied for operational dispatch."
224,Bathroom,2,Restricted Irrigation,0.9723,NORMAL,0.126,SAFE_FOR_MODEL_REVIEW,FAVORABLE,NORMAL,Restricted Irrigation,ALLOW_ROUTE,APPROVED,False,WQ_ACCEPTABLE|ANOMALY_CLEAN|MODEL_HIGH_CONFIDENCE|ROUTE_IRRIGATION|STORAGE_NORMAL|WEATHER_FAVORABLE,"Supervised model classified this Bathroom sample as Restricted Irrigation with 97.2% confidence. All independent safety, anomaly, meteorological, and storage checks were satisfied for operational dispatch."
225,Laundry,1,Bio-filtration,0.988,NORMAL,0.102,HIGH_RISK,NEUTRAL,NORMAL,Bio-filtration,PROCEED_WITH_TREATMENT,APPROVED,False,WQ_HIGH_ECOLI|WQ_HIGH_COD|WQ_HIGH_TURBIDITY|ANOMALY_CLEAN|MODEL_HIGH_CONFIDENCE|ROUTE_BIOFILTRATION|STORAGE_NORMAL|WEATHER_FAVORABLE,"Supervised model classified this Laundry sample as Bio-filtration with 98.8% confidence. All independent safety, anomaly, meteorological, and storage checks were satisfied for operational dispatch."
